CustomerSKey,CustomerURN,CustomerCreatedDateSKey,CustomerUpdatedDateSKey,CustomerLastLoggedInDateSKey,CustomerTotalSpendEverSalesIncVAT,CustomerAverageOrderSalesIncVAT,CustomerHighestOrderSalesIncVAT,CustomerLowestOrderSalesIncVAT,CustomerNoOfOrdersSales,CustomerNoOfItemsSales,CustomerTotalSpendFullPriceSalesIncVAT,CustomerTotalSpendSaleSalesIncVAT,CustomerPriceMakeup,CustomerTotalSpendWomenswearSalesIncVAT,CustomerTotalSpendMenswearSalesIncVAT,CustomerTotalSpendHomewareSalesIncVAT,CustomerTotalSpendRetailSalesIncVAT,CustomerTotalSpendWebSalesIncVAT,CustomerFirstOrderDateSKey,CustomerFirstOrderSalesIncVAT,CustomerLastOrderDateSKey,CustomerLastOrderSalesIncVAT,CustomerAverageItemSalesIncVAT,CustomerPercentageSpendFullPrice,CustomerPercentageSpendSale,CustomerPercentageSpendWomenswear,CustomerPercentageSpendMenswear,CustomerPercentageSpendHomeware,CustomerPercentageSpendRetail,CustomerPercentageSpendWeb,CustomerTwelveMonthsSpendSalesIncVAT,CustomerTwelveMonthsAverageOrderSalesIncVAT,CustomerTwelveMonthsNoOfOrdersSales,CustomerTwelveMonthsNoOfItemsSales,CustomerTwelveMonthsSpendFullPriceSalesIncVAT,CustomerTwelveMonthsSpendSaleSalesIncVAT,CustomerTwelveMonthsPriceMakeup,CustomerTwelveMonthsAverageItemSalesIncVAT,CustomerTwelveMonthsPercentageSpendFullPrice,CustomerTwelveMonthsPercentageSpendSale,CustomerSixMonthsSpendSalesIncVAT,CustomerSixMonthsSpendVarianceSalesIncVATBandSKey,CustomerThreeMonthsSpendSalesIncVAT,Language
0,1001001,20200407,20200908,20200908,1100.0,183.33333333333334,300.0,100.0,6,6,1100.0,0.0,FULL PRICE,1100.0,0.0,0.0,0.0,1100.0,20200407,100.0,20200908,300.0,183.33333333333334,1.0,0.0,1.0,0.0,0.0,0.0,1.0,1100.0,183.33333333333334,6,6,1100.0,0.0,FULL PRICE,183.33333333333334,1.0,0.0,1100.0,81.6496580927726,700.0,
1,1001138,20200414,20200901,20200901,1100.0,183.33333333333334,300.0,100.0,6,6,1100.0,0.0,FULL PRICE,1100.0,0.0,0.0,0.0,1100.0,20200414,100.0,20200901,300.0,183.33333333333334,1.0,0.0,1.0,0.0,0.0,0.0,1.0,1100.0,183.33333333333334,6,6,1100.0,0.0,FULL PRICE,183.33333333333334,1.0,0.0,1100.0,81.6496580927726,800.0,
2,1001275,20181027,20200921,20200222,1227.0,306.75,420.0,420.0,4,9,158.0,1069.0,SALE,977.0,155.0,95.0,0.0,1227.0,20190406,420.0,20191221,211.0,136.33333333333334,0.12876935615321924,0.8712306438467807,0.7962510187449062,0.1263243683781581,0.07742461287693561,0.0,1.0,211.0,211.0,1,3,0.0,211.0,SALE,70.33333333333333,0.0,1.0,0.0,,0.0,
3,1001412,20181201,20200921,20200919,1777.0,296.1666666666667,373.0,373.0,6,10,950.0,827.0,MIXED,1725.0,52.0,0.0,0.0,1777.0,20190105,264.0,20200912,253.0,177.7,0.5346088913899831,0.46539110861001687,0.9707371975239167,0.029262802476083285,0.0,0.0,1.0,1282.0,320.5,4,8,455.0,827.0,MIXED,160.25,0.3549141965678627,0.6450858034321373,984.0,2850.0,984.0,
4,1001549,20190216,20200921,20200411,1980.0,330.0,383.0,383.0,6,11,1066.0,914.0,MIXED,1370.0,383.0,227.0,350.0,1630.0,20190413,281.0,20191130,354.0,180.0,0.5383838383838384,0.4616161616161616,0.6919191919191919,0.19343434343434343,0.11464646464646465,0.17676767676767677,0.8232323232323232,1059.0,353.0,3,7,683.0,376.0,MIXED,151.28571428571428,0.6449480642115203,0.3550519357884797,0.0,,0.0,
5,1001686,20190112,20200921,20200418,1960.0,326.6666666666667,449.0,449.0,6,6,449.0,1511.0,SALE,234.0,1726.0,0.0,0.0,1960.0,20190126,234.0,20200404,302.0,326.6666666666667,0.22908163265306122,0.7709183673469387,0.11938775510204082,0.8806122448979592,0.0,0.0,1.0,1007.0,335.6666666666667,3,3,0.0,1007.0,SALE,335.6666666666667,0.0,1.0,302.0,0.0,0.0,
6,1001823,20181006,20200921,20190706,578.0,289.0,358.0,358.0,2,2,0.0,578.0,SALE,578.0,0.0,0.0,0.0,578.0,20181027,220.0,20190525,358.0,289.0,0.0,1.0,1.0,0.0,0.0,0.0,1.0,0.0,0.0,0,0,0.0,0.0,UNKNOWN,0.0,0.0,0.0,0.0,,0.0,
7,1001960,20181013,20200921,20200627,562.0,281.0,296.0,296.0,2,4,0.0,562.0,SALE,266.0,0.0,296.0,0.0,562.0,20181103,296.0,20200509,266.0,140.5,0.0,1.0,0.47330960854092524,0.0,0.5266903914590747,0.0,1.0,266.0,266.0,1,3,0.0,266.0,SALE,88.66666666666667,0.0,1.0,266.0,0.0,0.0,
8,1002097,20181020,20200921,20200912,1885.0,314.1666666666667,427.0,427.0,6,11,307.0,1578.0,SALE,307.0,1578.0,0.0,0.0,1885.0,20181020,354.0,20200801,184.0,171.36363636363637,0.16286472148541115,0.8371352785145889,0.16286472148541115,0.8371352785145889,0.0,0.0,1.0,1531.0,306.2,5,8,0.0,1531.0,SALE,191.375,0.0,1.0,1104.0,4032.5,832.0,
9,1002234,20181027,20200921,20191109,823.0,411.5,507.0,507.0,2,4,84.0,739.0,SALE,739.0,84.0,0.0,0.0,823.0,20190105,507.0,20190615,316.0,205.75,0.10206561360874848,0.8979343863912516,0.8979343863912516,0.10206561360874848,0.0,0.0,1.0,0.0,0.0,0,0,0.0,0.0,UNKNOWN,0.0,0.0,0.0,0.0,,0.0,
10,1002371,20190126,20200921,20200905,1957.0,326.1666666666667,420.0,420.0,6,10,1099.0,858.0,SALE,1534.0,0.0,423.0,0.0,1957.0,20190406,420.0,20200822,302.0,195.7,0.5615738375063873,0.43842616249361266,0.7838528359734287,0.0,0.21614716402657128,0.0,1.0,942.0,314.0,3,6,638.0,304.0,SALE,157.0,0.6772823779193206,0.3227176220806794,598.0,9.0,598.0,
11,1002508,20190202,20200921,20200229,571.0,285.5,330.0,330.0,2,7,0.0,571.0,SALE,2.0,489.0,80.0,0.0,571.0,20191019,330.0,20191228,241.0,81.57142857142857,0.0,1.0,0.0035026269702276708,0.8563922942206655,0.14010507880910683,0.0,1.0,571.0,285.5,2,7,0.0,571.0,SALE,81.57142857142857,0.0,1.0,0.0,,0.0,
12,1002645,20180929,20200921,20200905,1158.0,289.5,335.0,335.0,4,8,334.0,824.0,SALE,467.0,28.0,663.0,0.0,1158.0,20180929,335.0,20200829,225.0,144.75,0.28842832469775476,0.7115716753022453,0.40328151986183075,0.024179620034542316,0.572538860103627,0.0,1.0,823.0,274.3333333333333,3,5,287.0,536.0,SALE,164.6,0.3487241798298906,0.6512758201701093,225.0,0.0,225.0,
13,1002782,20181006,20200921,20191228,588.0,294.0,299.0,299.0,2,4,518.0,70.0,FULL PRICE,0.0,588.0,0.0,0.0,588.0,20190105,299.0,20190511,289.0,147.0,0.8809523809523809,0.11904761904761904,0.0,1.0,0.0,0.0,1.0,0.0,0.0,0,0,0.0,0.0,UNKNOWN,0.0,0.0,0.0,0.0,,0.0,
14,1002919,20181006,20200921,20200229,368.0,184.0,217.0,217.0,2,2,0.0,368.0,SALE,217.0,151.0,0.0,0.0,368.0,20190105,151.0,20190706,217.0,184.0,0.0,1.0,0.5896739130434783,0.41032608695652173,0.0,0.0,1.0,0.0,0.0,0,0,0.0,0.0,UNKNOWN,0.0,0.0,0.0,0.0,,0.0,
15,1003056,20181006,20200921,20200613,539.0,269.5,341.0,341.0,2,2,0.0,539.0,SALE,0.0,341.0,198.0,0.0,539.0,20181222,198.0,20191026,341.0,269.5,0.0,1.0,0.0,0.6326530612244898,0.3673469387755102,0.0,1.0,341.0,341.0,1,1,0.0,341.0,SALE,341.0,0.0,1.0,0.0,,0.0,
16,1003193,20190420,20200921,20200725,648.0,324.0,380.0,380.0,2,4,285.0,363.0,SALE,95.0,401.0,152.0,268.0,380.0,20200620,268.0,20200725,380.0,162.0,0.4398148148148148,0.5601851851851852,0.14660493827160495,0.6188271604938271,0.2345679012345679,0.41358024691358025,0.5864197530864198,648.0,324.0,2,4,285.0,363.0,SALE,162.0,0.4398148148148148,0.5601851851851852,648.0,3136.0,380.0,
17,1003330,20180922,20200921,20200829,1204.0,301.0,340.0,340.0,4,5,390.0,814.0,MIXED,172.0,1032.0,0.0,0.0,1204.0,20180929,321.0,20200118,340.0,240.8,0.3239202657807309,0.6760797342192691,0.14285714285714285,0.8571428571428571,0.0,0.0,1.0,661.0,330.5,2,2,340.0,321.0,MIXED,330.5,0.5143721633888049,0.4856278366111952,0.0,,0.0,
18,1003467,20190720,20200921,20200718,476.0,238.0,249.0,249.0,2,3,0.0,476.0,SALE,0.0,476.0,0.0,0.0,476.0,20190914,227.0,20200328,249.0,158.66666666666666,0.0,1.0,0.0,1.0,0.0,0.0,1.0,249.0,249.0,1,2,0.0,249.0,SALE,124.5,0.0,1.0,249.0,0.0,0.0,
19,1003604,20181110,20200921,20200801,3590.0,448.75,538.0,538.0,8,10,2950.0,640.0,FULL PRICE,1449.0,2141.0,0.0,0.0,3590.0,20181208,500.0,20200502,377.0,359.0,0.8217270194986073,0.17827298050139276,0.40362116991643454,0.5963788300835655,0.0,0.0,1.0,2019.0,403.8,5,7,1379.0,640.0,FULL PRICE,288.42857142857144,0.683011391778108,0.316988608221892,377.0,0.0,0.0,
20,1003741,20180929,20200921,20200829,2125.0,354.1666666666667,471.0,471.0,6,9,302.0,1823.0,SALE,762.0,1363.0,0.0,0.0,2125.0,20180929,249.0,20200606,327.0,236.11111111111111,0.14211764705882354,0.8578823529411764,0.35858823529411765,0.6414117647058823,0.0,0.0,1.0,762.0,381.0,2,2,0.0,762.0,SALE,381.0,0.0,1.0,327.0,0.0,0.0,
21,1003878,20181013,20200921,20200912,4726.0,393.8333333333333,558.0,558.0,12,19,2517.0,2209.0,FULL PRICE,3597.0,940.0,189.0,432.0,4294.0,20181117,332.0,20200822,432.0,248.73684210526315,0.5325856961489632,0.4674143038510368,0.7611087600507829,0.19889970376639865,0.03999153618281845,0.09140922556072789,0.9085907744392722,2758.0,394.0,7,11,1901.0,857.0,FULL PRICE,250.72727272727272,0.6892675852066715,0.3107324147933285,1752.0,17500.239999999998,859.0,
22,1004015,20190223,20200921,20200829,1342.0,335.5,373.0,373.0,4,4,985.0,357.0,FULL PRICE,671.0,671.0,0.0,0.0,1342.0,20190511,357.0,20200815,314.0,335.5,0.7339791356184798,0.2660208643815201,0.5,0.5,0.0,0.0,1.0,985.0,328.3333333333333,3,3,985.0,0.0,FULL PRICE,328.3333333333333,1.0,0.0,985.0,1040.2222222222222,314.0,
23,1004152,20190427,20200921,20200822,1385.0,346.25,371.0,371.0,4,7,432.0,953.0,SALE,144.0,809.0,432.0,0.0,1385.0,20191026,321.0,20200808,356.0,197.85714285714286,0.311913357400722,0.688086642599278,0.10397111913357401,0.584115523465704,0.311913357400722,0.0,1.0,1385.0,346.25,4,7,432.0,953.0,SALE,197.85714285714286,0.311913357400722,0.688086642599278,1064.0,193.55555555555554,356.0,
24,1004289,20181013,20200921,20200815,1231.0,307.75,350.0,350.0,4,5,515.0,716.0,FULL PRICE,1012.0,219.0,0.0,0.0,1231.0,20181103,329.0,20190824,350.0,246.2,0.41835905767668563,0.5816409423233144,0.8220958570268074,0.17790414297319251,0.0,0.0,1.0,0.0,0.0,0,0,0.0,0.0,UNKNOWN,0.0,0.0,0.0,0.0,,0.0,
25,1004426,20181110,20200921,20200418,1330.0,332.5,424.0,424.0,4,5,356.0,974.0,MIXED,794.0,536.0,0.0,0.0,1330.0,20190119,424.0,20200104,370.0,266.0,0.26766917293233083,0.7323308270676692,0.5969924812030075,0.4030075187969925,0.0,0.0,1.0,370.0,370.0,1,2,93.0,277.0,MIXED,185.0,0.25135135135135134,0.7486486486486487,0.0,,0.0,
26,1004563,20181103,20200921,20200822,2216.0,369.3333333333333,528.0,528.0,6,13,1235.0,981.0,MIXED,166.0,1705.0,345.0,0.0,2216.0,20190713,369.0,20200808,382.0,170.46153846153845,0.5573104693140795,0.4426895306859206,0.07490974729241877,0.769404332129964,0.15568592057761732,0.0,1.0,1555.0,388.75,4,5,979.0,576.0,MIXED,311.0,0.6295819935691318,0.37041800643086814,727.0,342.25,727.0,
27,1004700,20181103,20200921,20200829,778.0,389.0,403.0,403.0,2,2,375.0,403.0,MIXED,0.0,403.0,375.0,0.0,778.0,20190202,403.0,20190323,375.0,389.0,0.4820051413881748,0.5179948586118251,0.0,0.5179948586118251,0.4820051413881748,0.0,1.0,0.0,0.0,0,0,0.0,0.0,UNKNOWN,0.0,0.0,0.0,0.0,,0.0,
28,1004837,20200321,20200921,20200822,644.0,322.0,360.0,360.0,2,2,0.0,644.0,SALE,360.0,284.0,0.0,0.0,644.0,20200606,360.0,20200822,284.0,322.0,0.0,1.0,0.5590062111801242,0.4409937888198758,0.0,0.0,1.0,644.0,322.0,2,2,0.0,644.0,SALE,322.0,0.0,1.0,644.0,1444.0,284.0,
29,1004974,20180929,20200921,20200905,575.0,287.5,297.0,297.0,2,3,462.0,113.0,FULL PRICE,391.0,0.0,184.0,0.0,575.0,20181006,278.0,20200523,297.0,191.66666666666666,0.8034782608695652,0.19652173913043477,0.68,0.0,0.32,0.0,1.0,297.0,297.0,1,2,184.0,113.0,MIXED,148.5,0.6195286195286195,0.38047138047138046,297.0,0.0,0.0,
30,1005111,20190105,20200921,20200606,1894.0,315.6666666666667,519.0,519.0,6,11,750.0,1144.0,MIXED,1716.0,0.0,178.0,0.0,1894.0,20190112,230.0,20200328,519.0,172.1818181818182,0.395987328405491,0.604012671594509,0.9060190073917634,0.0,0.09398099260823653,0.0,1.0,1664.0,332.8,5,8,548.0,1116.0,MIXED,208.0,0.3293269230769231,0.6706730769230769,519.0,0.0,0.0,
31,1005248,20190824,20200921,20200829,696.0,348.0,495.0,495.0,2,4,16.0,680.0,SALE,317.0,363.0,16.0,0.0,696.0,20200516,495.0,20200718,201.0,174.0,0.022988505747126436,0.9770114942528736,0.45545977011494254,0.521551724137931,0.022988505747126436,0.0,1.0,696.0,348.0,2,4,16.0,680.0,SALE,174.0,0.022988505747126436,0.9770114942528736,696.0,21609.0,201.0,
32,1005385,20181020,20200921,20200905,1551.0,387.75,447.0,447.0,4,5,1108.0,443.0,MIXED,339.0,1212.0,0.0,325.0,1226.0,20190622,325.0,20200808,443.0,310.2,0.7143778207607995,0.2856221792392005,0.218568665377176,0.781431334622824,0.0,0.20954223081882656,0.7904577691811734,1226.0,408.6666666666667,3,4,783.0,443.0,MIXED,306.5,0.6386623164763459,0.36133768352365414,1226.0,2642.888888888889,1226.0,
33,1005522,20190720,20200921,20191130,770.0,385.0,418.0,418.0,2,3,43.0,727.0,SALE,43.0,727.0,0.0,0.0,770.0,20191012,418.0,20191116,352.0,256.6666666666667,0.05584415584415584,0.9441558441558442,0.05584415584415584,0.9441558441558442,0.0,0.0,1.0,770.0,385.0,2,3,43.0,727.0,SALE,256.6666666666667,0.05584415584415584,0.9441558441558442,0.0,,0.0,
34,1005659,20180929,20200921,20200725,1685.0,280.8333333333333,329.0,329.0,6,9,15.0,1670.0,SALE,1200.0,185.0,300.0,0.0,1685.0,20180929,252.0,20200418,300.0,187.22222222222223,0.008902077151335312,0.9910979228486647,0.712166172106825,0.10979228486646884,0.17804154302670624,0.0,1.0,814.0,271.3333333333333,3,3,0.0,814.0,SALE,271.3333333333333,0.0,1.0,300.0,0.0,0.0,
35,1005796,20181027,20200921,20200321,1966.0,327.6666666666667,439.0,439.0,6,10,790.0,1176.0,SALE,393.0,1573.0,0.0,0.0,1966.0,20181103,352.0,20200208,170.0,196.6,0.40183112919633773,0.5981688708036622,0.19989827060020346,0.8001017293997965,0.0,0.0,1.0,609.0,304.5,2,5,438.0,171.0,SALE,121.8,0.7192118226600985,0.28078817733990147,0.0,,0.0,
36,1005933,20181020,20200921,20200919,6829.0,487.7857142857143,687.0,687.0,14,22,4967.0,1862.0,FULL PRICE,5918.0,433.0,478.0,914.0,5915.0,20181110,550.0,20200912,579.0,310.40909090909093,0.7273392883291844,0.2726607116708156,0.8665983306487041,0.06340606238102212,0.06999560697027384,0.13384097232391273,0.8661590276760873,3184.0,530.6666666666666,6,10,1902.0,1282.0,FULL PRICE,318.4,0.5973618090452262,0.4026381909547739,1568.0,1768.2222222222224,1090.0,
37,1006070,20190105,20200921,20200919,2249.0,374.8333333333333,551.0,551.0,6,7,1854.0,395.0,FULL PRICE,1096.0,404.0,749.0,0.0,2249.0,20190309,490.0,20200912,190.0,321.2857142857143,0.8243663850600267,0.17563361493997331,0.4873277012005336,0.17963539350822588,0.3330369052912405,0.0,1.0,854.0,284.6666666666667,3,4,459.0,395.0,FULL PRICE,213.5,0.5374707259953162,0.46252927400468385,459.0,1560.25,459.0,
38,1006207,20180929,20200921,20200523,1333.0,333.25,369.0,369.0,4,6,345.0,988.0,SALE,574.0,759.0,0.0,0.0,1333.0,20181020,345.0,20200328,368.0,222.16666666666666,0.25881470367591897,0.741185296324081,0.43060765191297823,0.5693923480870218,0.0,0.0,1.0,619.0,309.5,2,4,0.0,619.0,SALE,154.75,0.0,1.0,368.0,0.0,0.0,
39,1006344,20190126,20200921,20200919,1216.0,304.0,381.0,381.0,4,5,189.0,1027.0,MIXED,71.0,350.0,795.0,0.0,1216.0,20190126,296.0,20200704,189.0,243.2,0.15542763157894737,0.8445723684210527,0.05838815789473684,0.2878289473684211,0.6537828947368421,0.0,1.0,570.0,285.0,2,2,189.0,381.0,MIXED,285.0,0.33157894736842103,0.6684210526315789,189.0,0.0,189.0,
40,1006481,20181124,20200921,20200905,545.0,272.5,327.0,327.0,2,8,99.0,446.0,SALE,545.0,0.0,0.0,0.0,545.0,20181124,218.0,20190615,327.0,68.125,0.181651376146789,0.818348623853211,1.0,0.0,0.0,0.0,1.0,0.0,0.0,0,0,0.0,0.0,UNKNOWN,0.0,0.0,0.0,0.0,,0.0,
41,1006618,20180929,20200921,20200905,635.0,317.5,325.0,325.0,2,2,0.0,635.0,SALE,0.0,635.0,0.0,0.0,635.0,20190713,310.0,20200509,325.0,317.5,0.0,1.0,0.0,1.0,0.0,0.0,1.0,325.0,325.0,1,1,0.0,325.0,SALE,325.0,0.0,1.0,325.0,0.0,0.0,
42,1006755,20190309,20200921,20200530,622.0,311.0,385.0,385.0,2,2,0.0,622.0,SALE,0.0,622.0,0.0,0.0,622.0,20190727,237.0,20200201,385.0,311.0,0.0,1.0,0.0,1.0,0.0,0.0,1.0,385.0,385.0,1,1,0.0,385.0,SALE,385.0,0.0,1.0,0.0,,0.0,
43,1006892,20181013,20200921,20200502,667.0,333.5,360.0,360.0,2,4,38.0,629.0,MIXED,667.0,0.0,0.0,0.0,667.0,20181020,360.0,20190810,307.0,166.75,0.05697151424287856,0.9430284857571214,1.0,0.0,0.0,0.0,1.0,0.0,0.0,0,0,0.0,0.0,UNKNOWN,0.0,0.0,0.0,0.0,,0.0,
44,1007029,20181013,20200921,20200912,1798.0,299.6666666666667,387.0,387.0,6,11,500.0,1298.0,SALE,772.0,699.0,327.0,246.0,1552.0,20190209,280.0,20200725,363.0,163.45454545454547,0.27808676307007785,0.7219132369299222,0.42936596218020023,0.38876529477196886,0.18186874304783093,0.13681868743047831,0.8631813125695217,778.0,259.3333333333333,3,3,246.0,532.0,SALE,259.3333333333333,0.3161953727506427,0.6838046272493573,778.0,6361.555555555555,363.0,
45,1007166,20181124,20200921,20200919,1512.0,378.0,435.0,435.0,4,4,793.0,719.0,FULL PRICE,435.0,358.0,719.0,0.0,1512.0,20190112,365.0,20200829,358.0,378.0,0.5244708994708994,0.4755291005291005,0.2876984126984127,0.23677248677248677,0.4755291005291005,0.0,1.0,358.0,358.0,1,1,358.0,0.0,FULL PRICE,358.0,1.0,0.0,358.0,0.0,358.0,
46,1007303,20190216,20200921,20200418,1357.0,339.25,468.0,468.0,4,5,274.0,1083.0,MIXED,939.0,0.0,418.0,0.0,1357.0,20190216,468.0,20191214,274.0,271.4,0.2019159911569639,0.7980840088430361,0.6919675755342668,0.0,0.30803242446573326,0.0,1.0,617.0,308.5,2,2,274.0,343.0,MIXED,308.5,0.44408427876823336,0.5559157212317666,0.0,,0.0,
47,1007440,20181201,20200921,20200704,2158.0,359.6666666666667,513.0,513.0,6,12,1078.0,1080.0,MIXED,636.0,773.0,749.0,0.0,2158.0,20181208,388.0,20200509,513.0,179.83333333333334,0.4995366079703429,0.5004633920296571,0.29471733086190915,0.35820203892493047,0.3470806302131603,0.0,1.0,1235.0,411.6666666666667,3,6,611.0,624.0,MIXED,205.83333333333334,0.49473684210526314,0.5052631578947369,513.0,0.0,0.0,
48,1007577,20190420,20200921,20200509,639.0,319.5,326.0,326.0,2,2,0.0,639.0,SALE,326.0,0.0,313.0,0.0,639.0,20190504,313.0,20190921,326.0,319.5,0.0,1.0,0.5101721439749609,0.0,0.48982785602503914,0.0,1.0,0.0,0.0,0,0,0.0,0.0,UNKNOWN,0.0,0.0,0.0,0.0,,0.0,
49,1007714,20190824,20200921,20200620,804.0,402.0,469.0,469.0,2,4,556.0,248.0,MIXED,717.0,87.0,0.0,0.0,804.0,20200111,469.0,20200208,335.0,201.0,0.6915422885572139,0.30845771144278605,0.8917910447761194,0.10820895522388059,0.0,0.0,1.0,804.0,402.0,2,4,556.0,248.0,MIXED,201.0,0.6915422885572139,0.30845771144278605,0.0,,0.0,
50,1007851,20181229,20200921,20200822,1293.0,323.25,383.0,383.0,4,5,243.0,1050.0,SALE,910.0,383.0,0.0,0.0,1293.0,20190202,341.0,20200822,383.0,258.6,0.18793503480278423,0.8120649651972158,0.7037896365042536,0.2962103634957463,0.0,0.0,1.0,952.0,317.3333333333333,3,4,243.0,709.0,SALE,238.0,0.2552521008403361,0.7447478991596639,383.0,0.0,383.0,
51,1007988,20190720,20200921,20200808,647.0,323.5,385.0,385.0,2,3,594.0,53.0,FULL PRICE,0.0,594.0,53.0,0.0,647.0,20200215,262.0,20200711,385.0,215.66666666666666,0.9180834621329211,0.08191653786707882,0.0,0.9180834621329211,0.08191653786707882,0.0,1.0,647.0,323.5,2,3,594.0,53.0,FULL PRICE,215.66666666666666,0.9180834621329211,0.08191653786707882,385.0,0.0,385.0,
52,1008125,20181006,20200921,20200711,2071.0,345.1666666666667,427.0,427.0,6,12,494.0,1577.0,SALE,1391.0,188.0,492.0,0.0,2071.0,20181006,326.0,20200418,379.0,172.58333333333334,0.23853211009174313,0.7614678899082569,0.6716562047320135,0.0907774022211492,0.23756639304683727,0.0,1.0,749.0,374.5,2,4,255.0,494.0,SALE,187.25,0.3404539385847797,0.6595460614152203,379.0,0.0,0.0,
53,1008262,20181013,20200921,20200801,1238.0,309.5,388.0,388.0,4,4,0.0,1238.0,SALE,887.0,0.0,351.0,0.0,1238.0,20181020,284.0,20200530,215.0,309.5,0.0,1.0,0.7164781906300485,0.0,0.2835218093699515,0.0,1.0,566.0,283.0,2,2,0.0,566.0,SALE,283.0,0.0,1.0,215.0,0.0,0.0,
54,1008399,20180922,20200921,20191019,2043.0,340.5,384.0,384.0,6,9,481.0,1562.0,MIXED,472.0,1571.0,0.0,0.0,2043.0,20181201,351.0,20190907,328.0,227.0,0.23543808125305923,0.7645619187469408,0.2310327949094469,0.7689672050905532,0.0,0.0,1.0,0.0,0.0,0,0,0.0,0.0,UNKNOWN,0.0,0.0,0.0,0.0,,0.0,
55,1008536,20190119,20200921,20200801,587.0,293.5,360.0,360.0,2,3,329.0,258.0,SALE,31.0,556.0,0.0,0.0,587.0,20190817,227.0,20200725,360.0,195.66666666666666,0.5604770017035775,0.4395229982964225,0.05281090289608177,0.9471890971039182,0.0,0.0,1.0,360.0,360.0,1,2,329.0,31.0,MIXED,180.0,0.9138888888888889,0.08611111111111111,360.0,0.0,360.0,
56,1008673,20190302,20200921,20200725,789.0,394.5,503.0,503.0,2,3,503.0,286.0,MIXED,503.0,286.0,0.0,0.0,789.0,20190330,286.0,20190727,503.0,263.0,0.6375158428390367,0.36248415716096327,0.6375158428390367,0.36248415716096327,0.0,0.0,1.0,0.0,0.0,0,0,0.0,0.0,UNKNOWN,0.0,0.0,0.0,0.0,,0.0,
57,1008810,20181103,20200921,20200530,1844.0,307.3333333333333,359.0,359.0,6,12,622.0,1222.0,SALE,1844.0,0.0,0.0,0.0,1844.0,20181222,359.0,20200125,196.0,153.66666666666666,0.33731019522776573,0.6626898047722343,1.0,0.0,0.0,0.0,1.0,538.0,269.0,2,5,16.0,522.0,SALE,107.6,0.02973977695167286,0.9702602230483272,0.0,,0.0,
58,1008947,20180922,20200921,20200912,1506.0,376.5,445.0,445.0,4,5,0.0,1506.0,SALE,1166.0,340.0,0.0,0.0,1506.0,20180929,445.0,20200815,358.0,301.2,0.0,1.0,0.7742363877822045,0.22576361221779548,0.0,0.0,1.0,698.0,349.0,2,2,0.0,698.0,SALE,349.0,0.0,1.0,698.0,81.0,698.0,
59,1009084,20181006,20200921,20200919,2006.0,334.3333333333333,515.0,515.0,6,11,169.0,1837.0,SALE,682.0,1324.0,0.0,0.0,2006.0,20181117,515.0,20200815,161.0,182.36363636363637,0.08424725822532403,0.915752741774676,0.33998005982053836,0.6600199401794616,0.0,0.0,1.0,1166.0,291.5,4,6,125.0,1041.0,SALE,194.33333333333334,0.1072041166380789,0.8927958833619211,805.0,6026.888888888888,161.0,
60,1009221,20181103,20200921,20200815,1436.0,359.0,388.0,388.0,4,8,872.0,564.0,MIXED,1432.0,0.0,4.0,0.0,1436.0,20190309,388.0,20190831,346.0,179.5,0.6072423398328691,0.39275766016713093,0.9972144846796658,0.0,0.002785515320334262,0.0,1.0,0.0,0.0,0,0,0.0,0.0,UNKNOWN,0.0,0.0,0.0,0.0,,0.0,
61,1009358,20180922,20200921,20200815,2126.0,354.3333333333333,487.0,487.0,6,7,308.0,1818.0,SALE,1761.0,365.0,0.0,0.0,2126.0,20180922,487.0,20200418,310.0,303.7142857142857,0.14487300094073377,0.8551269990592663,0.8283160865475071,0.17168391345249295,0.0,0.0,1.0,981.0,327.0,3,4,0.0,981.0,SALE,245.25,0.0,1.0,310.0,0.0,0.0,
62,1009495,20191123,20200921,20200801,206.0,103.0,115.0,115.0,2,2,0.0,206.0,SALE,91.0,115.0,0.0,0.0,206.0,20191207,115.0,20200718,91.0,103.0,0.0,1.0,0.441747572815534,0.558252427184466,0.0,0.0,1.0,206.0,103.0,2,2,0.0,206.0,SALE,103.0,0.0,1.0,91.0,0.0,91.0,
63,1009632,20190223,20200921,20191228,764.0,382.0,444.0,444.0,2,4,252.0,512.0,SALE,320.0,0.0,444.0,444.0,320.0,20190316,320.0,20190810,444.0,191.0,0.3298429319371728,0.6701570680628273,0.418848167539267,0.0,0.581151832460733,0.581151832460733,0.418848167539267,0.0,0.0,0,0,0.0,0.0,UNKNOWN,0.0,0.0,0.0,0.0,,0.0,
64,1009769,20181201,20200921,20200425,1688.0,281.3333333333333,354.0,354.0,6,9,1008.0,680.0,FULL PRICE,447.0,1106.0,135.0,0.0,1688.0,20181208,131.0,20200425,303.0,187.55555555555554,0.5971563981042654,0.4028436018957346,0.26481042654028436,0.6552132701421801,0.07997630331753554,0.0,1.0,303.0,303.0,1,1,303.0,0.0,FULL PRICE,303.0,1.0,0.0,303.0,0.0,0.0,
65,1009906,20181208,20200921,20200222,786.0,393.0,426.0,426.0,2,4,0.0,786.0,SALE,781.0,5.0,0.0,0.0,786.0,20190202,360.0,20190921,426.0,196.5,0.0,1.0,0.9936386768447837,0.006361323155216285,0.0,0.0,1.0,0.0,0.0,0,0,0.0,0.0,UNKNOWN,0.0,0.0,0.0,0.0,,0.0,
66,1010043,20181027,20200921,20200829,14370.0,653.1818181818181,984.0,984.0,22,36,12253.0,2117.0,FULL PRICE,2420.0,10819.0,1131.0,3934.0,10436.0,20181124,623.0,20200829,538.0,399.1666666666667,0.8526791927627001,0.14732080723729993,0.1684064022268615,0.7528879610299235,0.07870563674321503,0.27376478775226165,0.7262352122477383,7381.0,671.0,11,18,6264.0,1117.0,FULL PRICE,410.05555555555554,0.8486654924806937,0.15133450751930633,4127.0,42955.47222222222,1455.0,
67,1010180,20181215,20200921,20200718,1977.0,329.5,387.0,387.0,6,9,736.0,1241.0,FULL PRICE,1442.0,340.0,195.0,0.0,1977.0,20181229,250.0,20200418,349.0,219.66666666666666,0.37228123419322207,0.627718765806778,0.7293879615579161,0.1719777440566515,0.09863429438543247,0.0,1.0,736.0,368.0,2,2,736.0,0.0,FULL PRICE,368.0,1.0,0.0,349.0,0.0,0.0,
68,1010317,20181013,20200921,20200801,631.0,315.5,416.0,416.0,2,2,416.0,215.0,MIXED,631.0,0.0,0.0,0.0,631.0,20181020,215.0,20190921,416.0,315.5,0.659270998415214,0.34072900158478603,1.0,0.0,0.0,0.0,1.0,0.0,0.0,0,0,0.0,0.0,UNKNOWN,0.0,0.0,0.0,0.0,,0.0,
69,1010454,20180929,20200921,20200815,2168.0,361.3333333333333,536.0,536.0,6,9,0.0,2168.0,SALE,1402.0,443.0,323.0,0.0,2168.0,20181222,443.0,20200801,365.0,240.88888888888889,0.0,1.0,0.6466789667896679,0.2043357933579336,0.14898523985239853,0.0,1.0,1189.0,297.25,4,7,0.0,1189.0,SALE,169.85714285714286,0.0,1.0,965.0,1579.5555555555557,634.0,
70,1010591,20181222,20200921,20200919,5883.0,420.2142857142857,646.0,646.0,14,22,3117.0,2766.0,MIXED,607.0,4687.0,589.0,0.0,5883.0,20190112,442.0,20200829,429.0,267.40909090909093,0.5298317185109638,0.4701682814890362,0.10317865034846167,0.7967023627400985,0.10011898691143974,0.0,1.0,2981.0,372.625,8,15,1771.0,1210.0,MIXED,198.73333333333332,0.5940959409594095,0.4059040590405904,1873.0,809.04,1142.0,
71,1010728,20181110,20200921,20200523,1924.0,320.6666666666667,454.0,454.0,6,8,304.0,1620.0,SALE,488.0,1327.0,109.0,195.0,1729.0,20181222,411.0,20200314,191.0,240.5,0.158004158004158,0.841995841995842,0.25363825363825365,0.6897089397089398,0.056652806652806656,0.10135135135135136,0.8986486486486487,645.0,322.5,2,4,109.0,536.0,SALE,161.25,0.16899224806201552,0.8310077519379845,0.0,,0.0,
72,1010865,20181020,20200921,20200502,1172.0,293.0,426.0,426.0,4,5,0.0,1172.0,SALE,1172.0,0.0,0.0,0.0,1172.0,20181027,156.0,20200411,170.0,234.4,0.0,1.0,1.0,0.0,0.0,0.0,1.0,590.0,295.0,2,2,0.0,590.0,SALE,295.0,0.0,1.0,170.0,0.0,0.0,
73,1011002,20181124,20200921,20200530,1814.0,302.3333333333333,360.0,360.0,6,7,663.0,1151.0,SALE,1756.0,58.0,0.0,0.0,1814.0,20181124,303.0,20200411,259.0,259.14285714285717,0.36549062844542446,0.6345093715545755,0.9680264608599779,0.03197353914002205,0.0,0.0,1.0,259.0,259.0,1,2,0.0,259.0,SALE,129.5,0.0,1.0,259.0,0.0,0.0,
74,1011139,20190720,20200921,20200718,593.0,296.5,300.0,300.0,2,3,0.0,593.0,SALE,300.0,268.0,25.0,0.0,593.0,20190720,300.0,20191123,293.0,197.66666666666666,0.0,1.0,0.5059021922428331,0.45193929173693087,0.04215851602023609,0.0,1.0,293.0,293.0,1,2,0.0,293.0,SALE,146.5,0.0,1.0,0.0,,0.0,
75,1011276,20190223,20200921,20200307,1873.0,312.1666666666667,502.0,502.0,6,8,954.0,919.0,MIXED,0.0,1873.0,0.0,0.0,1873.0,20190406,312.0,20200104,231.0,234.125,0.5093432995194874,0.4906567004805125,0.0,1.0,0.0,0.0,1.0,511.0,255.5,2,3,231.0,280.0,MIXED,170.33333333333334,0.4520547945205479,0.547945205479452,0.0,,0.0,
76,1011413,20181117,20200921,20200606,1339.0,334.75,405.0,405.0,4,5,934.0,405.0,MIXED,97.0,910.0,332.0,0.0,1339.0,20181215,332.0,20190907,351.0,267.8,0.6975354742345033,0.30246452576549665,0.07244212098581031,0.6796116504854369,0.2479462285287528,0.0,1.0,0.0,0.0,0,0,0.0,0.0,UNKNOWN,0.0,0.0,0.0,0.0,,0.0,
77,1011550,20180922,20200921,20200307,1900.0,316.6666666666667,453.0,453.0,6,14,755.0,1145.0,SALE,1862.0,0.0,38.0,0.0,1900.0,20180922,367.0,20191221,201.0,135.71428571428572,0.3973684210526316,0.6026315789473684,0.98,0.0,0.02,0.0,1.0,201.0,201.0,1,3,0.0,201.0,SALE,67.0,0.0,1.0,0.0,,0.0,
78,1011687,20181229,20200921,20200912,1835.0,305.8333333333333,360.0,360.0,6,8,646.0,1189.0,SALE,0.0,1540.0,295.0,0.0,1835.0,20190126,344.0,20200912,360.0,229.375,0.3520435967302452,0.6479564032697548,0.0,0.8392370572207084,0.16076294277929154,0.0,1.0,954.0,318.0,3,4,344.0,610.0,SALE,238.5,0.36058700209643607,0.639412997903564,954.0,2354.6666666666665,360.0,
79,1011824,20181124,20200921,20200801,1825.0,304.1666666666667,404.0,404.0,6,8,204.0,1621.0,SALE,388.0,652.0,785.0,393.0,1432.0,20190126,245.0,20200711,314.0,228.125,0.11178082191780822,0.8882191780821918,0.2126027397260274,0.35726027397260274,0.4301369863013699,0.21534246575342467,0.7846575342465754,983.0,327.6666666666667,3,4,0.0,983.0,SALE,245.75,0.0,1.0,314.0,0.0,314.0,
80,1011961,20181013,20200921,20200711,711.0,355.5,394.0,394.0,2,3,8.0,703.0,SALE,703.0,8.0,0.0,0.0,711.0,20181117,317.0,20190706,394.0,237.0,0.011251758087201125,0.9887482419127989,0.9887482419127989,0.011251758087201125,0.0,0.0,1.0,0.0,0.0,0,0,0.0,0.0,UNKNOWN,0.0,0.0,0.0,0.0,,0.0,
81,1012098,20181006,20200921,20200919,1972.0,328.6666666666667,427.0,427.0,6,12,5.0,1967.0,SALE,1335.0,306.0,331.0,0.0,1972.0,20181229,385.0,20200606,331.0,164.33333333333334,0.002535496957403651,0.9974645030425964,0.6769776876267748,0.15517241379310345,0.1678498985801217,0.0,1.0,1065.0,355.0,3,4,0.0,1065.0,SALE,266.25,0.0,1.0,331.0,0.0,0.0,
82,1012235,20180922,20200921,20200801,1519.0,253.16666666666666,432.0,432.0,6,7,181.0,1338.0,MIXED,120.0,1140.0,259.0,181.0,1338.0,20181027,120.0,20200725,181.0,217.0,0.11915734035549704,0.8808426596445029,0.07899934167215274,0.7504937458854509,0.17050691244239632,0.11915734035549704,0.8808426596445029,408.0,204.0,2,3,181.0,227.0,MIXED,136.0,0.44362745098039214,0.5563725490196079,181.0,0.0,181.0,
83,1012372,20181006,20200921,20200815,1763.0,293.8333333333333,461.0,461.0,6,10,274.0,1489.0,SALE,1297.0,196.0,270.0,0.0,1763.0,20181020,221.0,20200808,461.0,176.3,0.15541690300623937,0.8445830969937607,0.735677821894498,0.11117413499716393,0.15314804310833807,0.0,1.0,728.0,364.0,2,4,267.0,461.0,SALE,182.0,0.36675824175824173,0.6332417582417582,461.0,0.0,461.0,
84,1012509,20190126,20200921,20200627,670.0,335.0,378.0,378.0,2,2,0.0,670.0,SALE,0.0,670.0,0.0,0.0,670.0,20191123,292.0,20191214,378.0,335.0,0.0,1.0,0.0,1.0,0.0,0.0,1.0,670.0,335.0,2,2,0.0,670.0,SALE,335.0,0.0,1.0,0.0,,0.0,
85,1012646,20181013,20200921,20200808,1377.0,344.25,457.0,457.0,4,6,658.0,719.0,MIXED,1377.0,0.0,0.0,0.0,1377.0,20181020,262.0,20190420,338.0,229.5,0.47785039941902685,0.5221496005809731,1.0,0.0,0.0,0.0,1.0,0.0,0.0,0,0,0.0,0.0,UNKNOWN,0.0,0.0,0.0,0.0,,0.0,
86,1012783,20190216,20200921,20200725,493.0,246.5,275.0,275.0,2,3,0.0,493.0,SALE,493.0,0.0,0.0,0.0,493.0,20190316,275.0,20200704,218.0,164.33333333333334,0.0,1.0,1.0,0.0,0.0,0.0,1.0,218.0,218.0,1,2,0.0,218.0,SALE,109.0,0.0,1.0,218.0,0.0,218.0,
87,1012920,20181215,20200921,20200725,1505.0,376.25,463.0,463.0,4,5,0.0,1505.0,SALE,158.0,1347.0,0.0,0.0,1505.0,20181229,295.0,20200718,350.0,301.0,0.0,1.0,0.10498338870431893,0.8950166112956811,0.0,0.0,1.0,350.0,350.0,1,1,0.0,350.0,SALE,350.0,0.0,1.0,350.0,0.0,350.0,
88,1013057,20181013,20200921,20191214,1625.0,406.25,513.0,513.0,4,7,937.0,688.0,SALE,749.0,765.0,111.0,0.0,1625.0,20181020,423.0,20190504,437.0,232.14285714285714,0.5766153846153846,0.42338461538461536,0.46092307692307694,0.4707692307692308,0.0683076923076923,0.0,1.0,0.0,0.0,0,0,0.0,0.0,UNKNOWN,0.0,0.0,0.0,0.0,,0.0,
89,1013194,20191005,20200921,20200829,1913.0,318.8333333333333,548.0,548.0,6,10,613.0,1300.0,SALE,1913.0,0.0,0.0,345.0,1568.0,20191026,548.0,20200509,139.0,191.3,0.32043910088865657,0.6795608991113434,1.0,0.0,0.0,0.18034500784108728,0.8196549921589127,1913.0,318.8333333333333,6,10,613.0,1300.0,SALE,191.3,0.32043910088865657,0.6795608991113434,477.0,9900.25,0.0,
90,1013331,20181020,20200921,20200502,2111.0,351.8333333333333,463.0,463.0,6,8,692.0,1419.0,MIXED,1804.0,0.0,307.0,463.0,1648.0,20181103,307.0,20200425,352.0,263.875,0.32780672666982474,0.6721932733301753,0.8545712932259593,0.0,0.14542870677404074,0.21932733301752724,0.7806726669824727,1086.0,362.0,3,5,692.0,394.0,FULL PRICE,217.2,0.6372007366482505,0.36279926335174956,352.0,0.0,0.0,
91,1013468,20180922,20200921,20190302,587.0,293.5,349.0,349.0,2,3,16.0,571.0,SALE,587.0,0.0,0.0,0.0,587.0,20181117,349.0,20181222,238.0,195.66666666666666,0.027257240204429302,0.9727427597955707,1.0,0.0,0.0,0.0,1.0,0.0,0.0,0,0,0.0,0.0,UNKNOWN,0.0,0.0,0.0,0.0,,0.0,
92,1013605,20180922,20200921,20200530,1103.0,275.75,299.0,299.0,4,5,43.0,1060.0,SALE,1060.0,43.0,0.0,289.0,814.0,20181103,299.0,20200328,289.0,220.6,0.038984587488667274,0.9610154125113327,0.9610154125113327,0.038984587488667274,0.0,0.26201269265639165,0.7379873073436083,549.0,274.5,2,2,0.0,549.0,SALE,274.5,0.0,1.0,289.0,0.0,0.0,
93,1013742,20181222,20200921,20200822,1576.0,262.6666666666667,357.0,357.0,6,11,205.0,1371.0,SALE,613.0,963.0,0.0,0.0,1576.0,20190330,248.0,20200815,307.0,143.27272727272728,0.13007614213197968,0.8699238578680203,0.3889593908629442,0.6110406091370558,0.0,0.0,1.0,1035.0,258.75,4,7,0.0,1035.0,SALE,147.85714285714286,0.0,1.0,678.0,3280.6666666666665,492.0,
94,1013879,20180922,20200921,20200829,1350.0,337.5,400.0,400.0,4,8,345.0,1005.0,MIXED,1151.0,107.0,92.0,0.0,1350.0,20180929,383.0,20200801,259.0,168.75,0.25555555555555554,0.7444444444444445,0.8525925925925926,0.07925925925925927,0.06814814814814815,0.0,1.0,967.0,322.3333333333333,3,7,345.0,622.0,MIXED,138.14285714285714,0.35677352637021714,0.6432264736297828,259.0,0.0,259.0,
95,1014016,20181117,20200921,20200829,1609.0,268.1666666666667,367.0,367.0,6,8,725.0,884.0,SALE,703.0,906.0,0.0,0.0,1609.0,20181215,367.0,20200808,297.0,201.125,0.45059042883778744,0.5494095711622126,0.43691733996270976,0.5630826600372902,0.0,0.0,1.0,791.0,263.6666666666667,3,5,88.0,703.0,SALE,158.2,0.11125158027812895,0.888748419721871,633.0,380.25,633.0,
96,1014153,20181013,20200921,20200815,2788.0,348.5,489.0,489.0,8,11,2030.0,758.0,MIXED,2522.0,0.0,266.0,0.0,2788.0,20181117,341.0,20200808,489.0,253.45454545454547,0.7281205164992827,0.27187948350071733,0.9045911047345767,0.0,0.09540889526542325,0.0,1.0,1554.0,388.5,4,4,1065.0,489.0,MIXED,388.5,0.6853281853281853,0.31467181467181465,489.0,0.0,489.0,
97,1014290,20180922,20200921,20200822,4743.0,395.25,625.0,625.0,12,17,3152.0,1591.0,FULL PRICE,2567.0,911.0,1265.0,1220.0,3523.0,20181020,317.0,20200307,475.0,279.0,0.6645582964368543,0.3354417035631457,0.5412186379928315,0.19207252793590554,0.2667088340712629,0.2572211680371073,0.7427788319628927,1413.0,353.25,4,6,1279.0,134.0,FULL PRICE,235.5,0.9051663128096249,0.09483368719037509,0.0,,0.0,
98,1014427,20181117,20200921,20200404,1563.0,260.5,354.0,354.0,6,8,317.0,1246.0,MIXED,1294.0,269.0,0.0,0.0,1563.0,20190518,311.0,20191123,353.0,195.375,0.20281509916826615,0.7971849008317339,0.8278950735764555,0.17210492642354447,0.0,0.0,1.0,593.0,296.5,2,4,12.0,581.0,MIXED,148.25,0.02023608768971332,0.9797639123102867,0.0,,0.0,
99,1014564,20180922,20200921,20200822,2301.0,383.5,483.0,483.0,6,12,348.0,1953.0,SALE,278.0,2023.0,0.0,0.0,2301.0,20181006,426.0,20200425,413.0,191.75,0.15123859191655803,0.848761408083442,0.12081703607127336,0.8791829639287266,0.0,0.0,1.0,1044.0,348.0,3,7,0.0,1044.0,SALE,149.14285714285714,0.0,1.0,413.0,0.0,0.0,
100,1014701,20181201,20200921,20200801,1328.0,332.0,415.0,415.0,4,5,224.0,1104.0,SALE,322.0,1006.0,0.0,0.0,1328.0,20190420,367.0,20200627,322.0,265.6,0.1686746987951807,0.8313253012048193,0.24246987951807228,0.7575301204819277,0.0,0.0,1.0,961.0,320.3333333333333,3,4,224.0,737.0,SALE,240.25,0.23309053069719043,0.7669094693028096,322.0,0.0,322.0,
101,1014838,20190608,20200921,20200725,704.0,352.0,389.0,389.0,2,3,0.0,704.0,SALE,0.0,704.0,0.0,0.0,704.0,20200111,315.0,20200725,389.0,234.66666666666666,0.0,1.0,0.0,1.0,0.0,0.0,1.0,704.0,352.0,2,3,0.0,704.0,SALE,234.66666666666666,0.0,1.0,389.0,0.0,389.0,
102,1014975,20181006,20200921,20200822,2005.0,334.1666666666667,441.0,441.0,6,10,240.0,1765.0,SALE,401.0,1604.0,0.0,0.0,2005.0,20181020,260.0,20200404,434.0,200.5,0.11970074812967581,0.8802992518703242,0.2,0.8,0.0,0.0,1.0,1022.0,340.6666666666667,3,5,0.0,1022.0,SALE,204.4,0.0,1.0,434.0,0.0,0.0,
103,1015112,20180922,20200921,20200829,2162.0,360.3333333333333,392.0,392.0,6,11,221.0,1941.0,SALE,1745.0,196.0,221.0,0.0,2162.0,20180922,273.0,20200627,392.0,196.54545454545453,0.10222016651248844,0.8977798334875116,0.807123034227567,0.09065679925994449,0.10222016651248844,0.0,1.0,1512.0,378.0,4,7,221.0,1291.0,SALE,216.0,0.14616402116402116,0.8538359788359788,1130.0,411.5555555555555,392.0,
104,1015249,20181201,20200921,20200905,427.0,213.5,236.0,236.0,2,4,0.0,427.0,SALE,399.0,0.0,28.0,0.0,427.0,20190427,191.0,20200509,236.0,106.75,0.0,1.0,0.9344262295081968,0.0,0.06557377049180328,0.0,1.0,236.0,236.0,1,1,0.0,236.0,SALE,236.0,0.0,1.0,236.0,0.0,0.0,
105,1015386,20181110,20200921,20200905,2142.0,357.0,461.0,461.0,6,13,246.0,1896.0,MIXED,1640.0,3.0,499.0,0.0,2142.0,20181124,279.0,20200829,461.0,164.76923076923077,0.11484593837535013,0.8851540616246498,0.765639589169001,0.0014005602240896359,0.23295985060690944,0.0,1.0,1107.0,369.0,3,5,205.0,902.0,MIXED,221.4,0.18518518518518517,0.8148148148148148,1107.0,4232.666666666667,461.0,
106,1015523,20190622,20200921,20200620,631.0,315.5,361.0,361.0,2,3,0.0,631.0,SALE,270.0,361.0,0.0,0.0,631.0,20190622,270.0,20200314,361.0,210.33333333333334,0.0,1.0,0.42789223454833597,0.572107765451664,0.0,0.0,1.0,361.0,361.0,1,1,0.0,361.0,SALE,361.0,0.0,1.0,0.0,,0.0,
107,1015660,20180929,20200921,20191228,1912.0,318.6666666666667,464.0,464.0,6,10,850.0,1062.0,MIXED,1532.0,378.0,2.0,0.0,1912.0,20181013,326.0,20190803,464.0,191.2,0.4445606694560669,0.555439330543933,0.801255230125523,0.19769874476987448,0.0010460251046025104,0.0,1.0,0.0,0.0,0,0,0.0,0.0,UNKNOWN,0.0,0.0,0.0,0.0,,0.0,
108,1015797,20181006,20200921,20200711,1798.0,299.6666666666667,380.0,380.0,6,9,402.0,1396.0,SALE,0.0,1418.0,380.0,196.0,1602.0,20181110,197.0,20200516,337.0,199.77777777777777,0.2235817575083426,0.7764182424916574,0.0,0.7886540600667408,0.21134593993325917,0.10901001112347053,0.8909899888765295,717.0,358.5,2,3,0.0,717.0,SALE,239.0,0.0,1.0,337.0,0.0,0.0,
109,1015934,20181215,20200921,20200425,1499.0,374.75,439.0,439.0,4,9,0.0,1499.0,SALE,1105.0,390.0,4.0,0.0,1499.0,20190105,278.0,20200411,370.0,166.55555555555554,0.0,1.0,0.7371581054036024,0.2601734489659773,0.00266844563042028,0.0,1.0,370.0,370.0,1,2,0.0,370.0,SALE,185.0,0.0,1.0,370.0,0.0,0.0,
110,1016071,20190817,20200921,20200620,788.0,394.0,407.0,407.0,2,2,381.0,407.0,MIXED,788.0,0.0,0.0,381.0,407.0,20191012,381.0,20200425,407.0,394.0,0.48350253807106597,0.516497461928934,1.0,0.0,0.0,0.48350253807106597,0.516497461928934,788.0,394.0,2,2,381.0,407.0,MIXED,394.0,0.48350253807106597,0.516497461928934,407.0,0.0,0.0,
111,1016208,20180922,20200921,20200919,4866.0,405.5,499.0,499.0,12,19,4062.0,804.0,FULL PRICE,2922.0,710.0,1234.0,806.0,4060.0,20181215,408.0,20200829,283.0,256.10526315789474,0.8347718865598027,0.16522811344019728,0.6004932182490752,0.14591039868475134,0.25359638306617344,0.16563912864775995,0.83436087135224,3247.0,405.875,8,12,2895.0,352.0,FULL PRICE,270.5833333333333,0.8915922389898367,0.10840776101016322,1588.0,7916.0,622.0,
112,1016345,20181020,20200921,20200822,1427.0,356.75,450.0,450.0,4,8,0.0,1427.0,SALE,1330.0,0.0,97.0,0.0,1427.0,20190112,450.0,20200711,358.0,178.375,0.0,1.0,0.9320252277505255,0.0,0.06797477224947442,0.0,1.0,977.0,325.6666666666667,3,7,0.0,977.0,SALE,139.57142857142858,0.0,1.0,705.0,30.25,358.0,
113,1016482,20180922,20200921,20200815,2068.0,344.6666666666667,508.0,508.0,6,9,0.0,2068.0,SALE,1576.0,304.0,188.0,0.0,2068.0,20181006,439.0,20200725,188.0,229.77777777777777,0.0,1.0,0.7620889748549323,0.1470019342359768,0.09090909090909091,0.0,1.0,492.0,246.0,2,3,0.0,492.0,SALE,164.0,0.0,1.0,492.0,3364.0,188.0,
114,1016619,20181124,20200921,20200815,694.0,347.0,379.0,379.0,2,2,0.0,694.0,SALE,315.0,379.0,0.0,0.0,694.0,20190105,315.0,20200111,379.0,347.0,0.0,1.0,0.4538904899135447,0.5461095100864554,0.0,0.0,1.0,379.0,379.0,1,1,0.0,379.0,SALE,379.0,0.0,1.0,0.0,,0.0,
115,1016756,20190615,20200921,20200411,513.0,256.5,278.0,278.0,2,2,235.0,278.0,MIXED,0.0,513.0,0.0,0.0,513.0,20190615,235.0,20190928,278.0,256.5,0.4580896686159844,0.5419103313840156,0.0,1.0,0.0,0.0,1.0,278.0,278.0,1,1,0.0,278.0,SALE,278.0,0.0,1.0,0.0,,0.0,
116,1016893,20191228,20200921,20200523,657.0,328.5,341.0,341.0,2,4,0.0,657.0,SALE,0.0,465.0,192.0,0.0,657.0,20200328,341.0,20200502,316.0,164.25,0.0,1.0,0.0,0.7077625570776256,0.2922374429223744,0.0,1.0,657.0,328.5,2,4,0.0,657.0,SALE,164.25,0.0,1.0,657.0,156.25,0.0,
117,1017030,20181006,20200921,20190928,850.0,425.0,468.0,468.0,2,3,394.0,456.0,MIXED,0.0,456.0,394.0,0.0,850.0,20190112,382.0,20190601,468.0,283.3333333333333,0.46352941176470586,0.5364705882352941,0.0,0.5364705882352941,0.46352941176470586,0.0,1.0,0.0,0.0,0,0,0.0,0.0,UNKNOWN,0.0,0.0,0.0,0.0,,0.0,
118,1017167,20181020,20200921,20200912,21241.0,816.9615384615385,1290.0,1290.0,26,41,21241.0,0.0,FULL PRICE,2266.0,17847.0,1128.0,3408.0,17833.0,20181027,413.0,20200912,558.0,518.0731707317074,1.0,0.0,0.10668047643707923,0.8402146791582317,0.053104844404689044,0.16044442352054988,0.8395555764794501,10591.0,882.5833333333334,12,19,10591.0,0.0,FULL PRICE,557.421052631579,1.0,0.0,5614.0,54036.8888888889,2962.0,
119,1017304,20181117,20200921,20200613,2106.0,351.0,443.0,443.0,6,8,406.0,1700.0,SALE,1665.0,0.0,441.0,849.0,1257.0,20181124,304.0,20200502,355.0,263.25,0.19278252611585944,0.8072174738841406,0.7905982905982906,0.0,0.2094017094017094,0.4031339031339031,0.5968660968660968,355.0,355.0,1,1,0.0,355.0,SALE,355.0,0.0,1.0,355.0,0.0,0.0,
120,1017441,20190105,20200921,20191214,744.0,372.0,472.0,472.0,2,2,0.0,744.0,SALE,0.0,472.0,272.0,272.0,472.0,20190817,272.0,20190928,472.0,372.0,0.0,1.0,0.0,0.6344086021505376,0.3655913978494624,0.3655913978494624,0.6344086021505376,472.0,472.0,1,1,0.0,472.0,SALE,472.0,0.0,1.0,0.0,,0.0,
121,1017578,20180922,20200921,20200912,2449.0,408.1666666666667,519.0,519.0,6,13,46.0,2403.0,SALE,2020.0,68.0,361.0,0.0,2449.0,20181110,519.0,20200905,437.0,188.3846153846154,0.018783176806859942,0.9812168231931401,0.8248264597795019,0.027766435279706004,0.14740710494079215,0.0,1.0,1191.0,397.0,3,10,46.0,1145.0,SALE,119.1,0.038623005877413935,0.961376994122586,864.0,25.0,864.0,
122,1017715,20190427,20200921,20200725,2134.0,355.6666666666667,460.0,460.0,6,10,392.0,1742.0,SALE,1881.0,253.0,0.0,0.0,2134.0,20190511,287.0,20200627,386.0,213.4,0.1836925960637301,0.8163074039362699,0.8814432989690721,0.11855670103092783,0.0,0.0,1.0,1387.0,346.75,4,7,133.0,1254.0,SALE,198.14285714285714,0.0958904109589041,0.9041095890410958,957.0,4526.0,386.0,
123,1017852,20180922,20200921,20200801,1523.0,380.75,473.0,473.0,4,11,414.0,1109.0,SALE,1116.0,407.0,0.0,0.0,1523.0,20180922,388.0,20190831,255.0,138.45454545454547,0.27183191070256074,0.7281680892974393,0.7327642810242941,0.26723571897570586,0.0,0.0,1.0,0.0,0.0,0,0,0.0,0.0,UNKNOWN,0.0,0.0,0.0,0.0,,0.0,
124,1017989,20180929,20200921,20200815,1825.0,304.1666666666667,372.0,372.0,6,8,154.0,1671.0,MIXED,1540.0,0.0,285.0,0.0,1825.0,20181006,214.0,20200718,335.0,228.125,0.08438356164383562,0.9156164383561644,0.8438356164383561,0.0,0.15616438356164383,0.0,1.0,707.0,353.5,2,4,154.0,553.0,MIXED,176.75,0.21782178217821782,0.7821782178217822,335.0,0.0,335.0,
125,1018126,20181006,20200921,20200530,1389.0,347.25,399.0,399.0,4,6,0.0,1389.0,SALE,1343.0,46.0,0.0,279.0,1110.0,20190209,399.0,20200516,336.0,231.5,0.0,1.0,0.9668826493880489,0.03311735061195104,0.0,0.20086393088552915,0.7991360691144709,615.0,307.5,2,3,0.0,615.0,SALE,205.0,0.0,1.0,615.0,812.25,0.0,
126,1018263,20181124,20200921,20200919,748.0,374.0,415.0,415.0,2,3,0.0,748.0,SALE,390.0,358.0,0.0,0.0,748.0,20200905,415.0,20200912,333.0,249.33333333333334,0.0,1.0,0.5213903743315508,0.4786096256684492,0.0,0.0,1.0,748.0,374.0,2,3,0.0,748.0,SALE,249.33333333333334,0.0,1.0,748.0,1681.0,748.0,
127,1018400,20190223,20200921,20200725,639.0,319.5,393.0,393.0,2,3,584.0,55.0,FULL PRICE,393.0,246.0,0.0,0.0,639.0,20190706,246.0,20200613,393.0,213.0,0.9139280125195618,0.08607198748043818,0.6150234741784038,0.38497652582159625,0.0,0.0,1.0,393.0,393.0,1,1,393.0,0.0,FULL PRICE,393.0,1.0,0.0,393.0,0.0,0.0,
128,1018537,20180929,20200921,20200620,458.0,229.0,230.0,230.0,2,2,230.0,228.0,MIXED,228.0,230.0,0.0,0.0,458.0,20191012,230.0,20200404,228.0,229.0,0.5021834061135371,0.4978165938864629,0.4978165938864629,0.5021834061135371,0.0,0.0,1.0,458.0,229.0,2,2,230.0,228.0,MIXED,229.0,0.5021834061135371,0.4978165938864629,228.0,0.0,0.0,
129,1018674,20181027,20200921,20200912,2038.0,339.6666666666667,448.0,448.0,6,8,348.0,1690.0,SALE,682.0,1356.0,0.0,0.0,2038.0,20181201,334.0,20200815,448.0,254.75,0.17075564278704614,0.8292443572129539,0.33464180569185475,0.6653581943081452,0.0,0.0,1.0,796.0,398.0,2,2,348.0,448.0,MIXED,398.0,0.4371859296482412,0.5628140703517588,448.0,0.0,448.0,
130,1018811,20180929,20200921,20200912,1397.0,349.25,452.0,452.0,4,5,273.0,1124.0,SALE,284.0,824.0,289.0,0.0,1397.0,20181027,383.0,20190608,289.0,279.4,0.19541875447387258,0.8045812455261274,0.2032927702219041,0.5898353614889048,0.20687186828919113,0.0,1.0,0.0,0.0,0,0,0.0,0.0,UNKNOWN,0.0,0.0,0.0,0.0,,0.0,
131,1018948,20181201,20200921,20200222,541.0,270.5,299.0,299.0,2,5,198.0,343.0,MIXED,35.0,506.0,0.0,0.0,541.0,20190202,242.0,20190420,299.0,108.2,0.3659889094269871,0.634011090573013,0.06469500924214418,0.9353049907578558,0.0,0.0,1.0,0.0,0.0,0,0,0.0,0.0,UNKNOWN,0.0,0.0,0.0,0.0,,0.0,
132,1019085,20190831,20200921,20200829,757.0,378.5,415.0,415.0,2,3,415.0,342.0,MIXED,342.0,0.0,415.0,0.0,757.0,20200516,342.0,20200822,415.0,252.33333333333334,0.5482166446499339,0.45178335535006603,0.45178335535006603,0.0,0.5482166446499339,0.0,1.0,757.0,378.5,2,3,415.0,342.0,MIXED,252.33333333333334,0.5482166446499339,0.45178335535006603,757.0,1332.25,415.0,
133,1019222,20180922,20200921,20200905,1633.0,272.1666666666667,368.0,368.0,6,9,185.0,1448.0,SALE,0.0,1110.0,523.0,0.0,1633.0,20180922,339.0,20200711,255.0,181.44444444444446,0.1132884262094305,0.8867115737905695,0.0,0.6797305572565829,0.320269442743417,0.0,1.0,710.0,236.66666666666666,3,6,185.0,525.0,SALE,118.33333333333333,0.2605633802816901,0.7394366197183099,710.0,448.22222222222223,255.0,
134,1019359,20180922,20200921,20200912,46651.0,833.0535714285714,1343.0,1343.0,56,89,46651.0,0.0,FULL PRICE,9972.0,30804.0,5875.0,14806.0,31845.0,20180922,752.0,20200905,820.0,524.1685393258427,1.0,0.0,0.21375747572399306,0.6603073889091338,0.12593513536687317,0.3173779768922424,0.6826220231077577,22027.0,786.6785714285714,28,44,22027.0,0.0,FULL PRICE,500.6136363636364,1.0,0.0,12432.0,35315.125,6004.0,
135,1019496,20180929,20200921,20200912,1844.0,307.3333333333333,392.0,392.0,6,6,596.0,1248.0,SALE,0.0,1452.0,392.0,0.0,1844.0,20180929,319.0,20200718,392.0,307.3333333333333,0.3232104121475054,0.6767895878524945,0.0,0.7874186550976139,0.21258134490238612,0.0,1.0,956.0,318.6666666666667,3,3,0.0,956.0,SALE,318.6666666666667,0.0,1.0,956.0,3288.8888888888887,392.0,
136,1019633,20191012,20200921,20200829,563.0,281.5,393.0,393.0,2,6,0.0,563.0,SALE,20.0,543.0,0.0,0.0,563.0,20200118,393.0,20200829,170.0,93.83333333333333,0.0,1.0,0.035523978685612786,0.9644760213143873,0.0,0.0,1.0,563.0,281.5,2,6,0.0,563.0,SALE,93.83333333333333,0.0,1.0,170.0,0.0,170.0,
137,1019770,20181208,20200921,20200919,3786.0,473.25,641.0,641.0,8,13,2567.0,1219.0,FULL PRICE,2372.0,1138.0,276.0,1357.0,2429.0,20181208,492.0,20200905,459.0,291.2307692307692,0.6780243000528262,0.3219756999471738,0.6265187533016376,0.300581088219757,0.07290015847860538,0.3584257791864765,0.6415742208135236,1259.0,419.6666666666667,3,5,811.0,448.0,FULL PRICE,251.8,0.6441620333598094,0.35583796664019063,782.0,4624.0,459.0,
138,1019907,20190413,20200921,20200919,1791.0,298.5,360.0,360.0,6,12,701.0,1090.0,MIXED,1774.0,0.0,17.0,0.0,1791.0,20190511,341.0,20200829,360.0,149.25,0.39140145170295926,0.6085985482970407,0.9905080960357342,0.0,0.009491903964265773,0.0,1.0,1193.0,298.25,4,10,360.0,833.0,MIXED,119.3,0.30176026823134955,0.6982397317686505,936.0,1162.6666666666667,652.0,
139,1020044,20190831,20200921,20200912,1526.0,381.5,514.0,514.0,4,4,0.0,1526.0,SALE,1526.0,0.0,0.0,431.0,1095.0,20191102,431.0,20200912,514.0,381.5,0.0,1.0,1.0,0.0,0.0,0.282437745740498,0.7175622542595019,1526.0,381.5,4,4,0.0,1526.0,SALE,381.5,0.0,1.0,1095.0,11468.666666666666,1095.0,
140,1020181,20190105,20200921,20200620,1585.0,396.25,530.0,530.0,4,6,300.0,1285.0,SALE,530.0,1055.0,0.0,0.0,1585.0,20190112,421.0,20200523,334.0,264.1666666666667,0.1892744479495268,0.8107255520504731,0.334384858044164,0.6656151419558359,0.0,0.0,1.0,864.0,432.0,2,4,0.0,864.0,SALE,216.0,0.0,1.0,334.0,0.0,0.0,
141,1020318,20180929,20200921,20200822,2072.0,345.3333333333333,429.0,429.0,6,9,565.0,1507.0,SALE,171.0,1634.0,267.0,0.0,2072.0,20180929,429.0,20200808,387.0,230.22222222222223,0.27268339768339767,0.7273166023166023,0.08252895752895753,0.7886100386100386,0.12886100386100385,0.0,1.0,682.0,341.0,2,3,0.0,682.0,SALE,227.33333333333334,0.0,1.0,682.0,2116.0,682.0,
142,1020455,20181027,20200921,20200704,1932.0,322.0,431.0,431.0,6,18,545.0,1387.0,SALE,1381.0,398.0,153.0,0.0,1932.0,20181027,350.0,20200404,221.0,107.33333333333333,0.28209109730848864,0.7179089026915114,0.7148033126293996,0.20600414078674947,0.07919254658385093,0.0,1.0,943.0,314.3333333333333,3,6,0.0,943.0,SALE,157.16666666666666,0.0,1.0,221.0,0.0,0.0,
143,1020592,20181208,20200921,20200613,1197.0,299.25,350.0,350.0,4,4,0.0,1197.0,SALE,0.0,1197.0,0.0,0.0,1197.0,20190223,205.0,20200125,300.0,299.25,0.0,1.0,0.0,1.0,0.0,0.0,1.0,650.0,325.0,2,2,0.0,650.0,SALE,325.0,0.0,1.0,0.0,,0.0,
144,1020729,20190413,20200921,20200919,671.0,335.5,348.0,348.0,2,3,0.0,671.0,SALE,0.0,671.0,0.0,323.0,348.0,20200516,323.0,20200704,348.0,223.66666666666666,0.0,1.0,0.0,1.0,0.0,0.481371087928465,0.518628912071535,671.0,335.5,2,3,0.0,671.0,SALE,223.66666666666666,0.0,1.0,671.0,156.25,348.0,
145,1020866,20190302,20200921,20200808,672.0,336.0,370.0,370.0,2,3,302.0,370.0,FULL PRICE,672.0,0.0,0.0,0.0,672.0,20190706,370.0,20200725,302.0,224.0,0.4494047619047619,0.5505952380952381,1.0,0.0,0.0,0.0,1.0,302.0,302.0,1,2,302.0,0.0,FULL PRICE,151.0,1.0,0.0,302.0,0.0,302.0,
146,1021003,20190126,20200921,20200919,715.0,357.5,392.0,392.0,2,3,0.0,715.0,SALE,644.0,0.0,71.0,0.0,715.0,20190406,392.0,20200425,323.0,238.33333333333334,0.0,1.0,0.9006993006993007,0.0,0.0993006993006993,0.0,1.0,323.0,323.0,1,2,0.0,323.0,SALE,161.5,0.0,1.0,323.0,0.0,0.0,
147,1021140,20180922,20200921,20200829,4973.0,497.3,619.0,619.0,10,14,3572.0,1401.0,FULL PRICE,907.0,2620.0,1446.0,0.0,4973.0,20181110,437.0,20200808,619.0,355.2142857142857,0.718278705007038,0.281721294992962,0.18238487834305248,0.5268449627991152,0.2907701588578323,0.0,1.0,2476.0,495.2,5,6,2476.0,0.0,FULL PRICE,412.6666666666667,1.0,0.0,1537.0,5755.555555555556,1537.0,
148,1021277,20181020,20200921,20200912,1120.0,280.0,366.0,366.0,4,10,165.0,955.0,MIXED,1120.0,0.0,0.0,0.0,1120.0,20181027,160.0,20200912,324.0,112.0,0.14732142857142858,0.8526785714285714,1.0,0.0,0.0,0.0,1.0,324.0,324.0,1,4,117.0,207.0,MIXED,81.0,0.3611111111111111,0.6388888888888888,324.0,0.0,324.0,
149,1021414,20181006,20200921,20200919,642.0,321.0,362.0,362.0,2,2,280.0,362.0,MIXED,642.0,0.0,0.0,0.0,642.0,20181201,362.0,20200725,280.0,321.0,0.43613707165109034,0.5638629283489096,1.0,0.0,0.0,0.0,1.0,280.0,280.0,1,1,280.0,0.0,FULL PRICE,280.0,1.0,0.0,280.0,0.0,280.0,
150,1021551,20180922,20200921,20200905,1095.0,273.75,438.0,438.0,4,8,226.0,869.0,MIXED,10.0,869.0,216.0,0.0,1095.0,20180929,194.0,20200905,232.0,136.875,0.20639269406392693,0.7936073059360731,0.0091324200913242,0.7936073059360731,0.19726027397260273,0.0,1.0,901.0,300.3333333333333,3,7,226.0,675.0,MIXED,128.71428571428572,0.25083240843507215,0.7491675915649278,670.0,10609.0,232.0,
151,1021688,20190406,20200921,20200627,786.0,393.0,394.0,394.0,2,2,0.0,786.0,SALE,786.0,0.0,0.0,0.0,786.0,20200208,392.0,20200627,394.0,393.0,0.0,1.0,1.0,0.0,0.0,0.0,1.0,786.0,393.0,2,2,0.0,786.0,SALE,393.0,0.0,1.0,394.0,0.0,394.0,
152,1021825,20190202,20200921,20200425,615.0,307.5,406.0,406.0,2,6,379.0,236.0,MIXED,542.0,0.0,73.0,0.0,615.0,20190406,209.0,20200111,406.0,102.5,0.616260162601626,0.383739837398374,0.8813008130081301,0.0,0.11869918699186992,0.0,1.0,406.0,406.0,1,4,262.0,144.0,MIXED,101.5,0.645320197044335,0.35467980295566504,0.0,,0.0,
153,1021962,20180929,20200921,20200919,2315.0,385.8333333333333,530.0,530.0,6,13,529.0,1786.0,SALE,477.0,1485.0,353.0,0.0,2315.0,20181208,319.0,20200822,333.0,178.07692307692307,0.22850971922246222,0.7714902807775378,0.2060475161987041,0.6414686825053996,0.15248380129589634,0.0,1.0,760.0,380.0,2,2,0.0,760.0,SALE,380.0,0.0,1.0,760.0,2209.0,333.0,
154,1022099,20181006,20200921,20200829,575.0,287.5,349.0,349.0,2,2,226.0,349.0,MIXED,0.0,349.0,226.0,0.0,575.0,20190202,349.0,20200328,226.0,287.5,0.39304347826086955,0.6069565217391304,0.0,0.6069565217391304,0.39304347826086955,0.0,1.0,226.0,226.0,1,1,226.0,0.0,FULL PRICE,226.0,1.0,0.0,226.0,0.0,0.0,
155,1022236,20180922,20200921,20200711,1830.0,305.0,362.0,362.0,6,7,264.0,1566.0,SALE,1830.0,0.0,0.0,0.0,1830.0,20180922,288.0,20200411,254.0,261.42857142857144,0.14426229508196722,0.8557377049180328,1.0,0.0,0.0,0.0,1.0,616.0,308.0,2,3,0.0,616.0,SALE,205.33333333333334,0.0,1.0,254.0,0.0,0.0,
156,1022373,20180929,20200921,20200912,1163.0,290.75,337.0,337.0,4,5,268.0,895.0,SALE,926.0,0.0,237.0,0.0,1163.0,20190323,268.0,20200801,237.0,232.6,0.23043852106620807,0.7695614789337919,0.7962166809974205,0.0,0.20378331900257954,0.0,1.0,574.0,287.0,2,2,0.0,574.0,SALE,287.0,0.0,1.0,237.0,0.0,237.0,
157,1022510,20181006,20200921,20200905,4559.0,455.9,650.0,650.0,10,18,3434.0,1125.0,FULL PRICE,1584.0,2753.0,222.0,442.0,4117.0,20181208,556.0,20200905,442.0,253.27777777777777,0.7532353586312788,0.2467646413687212,0.34744461504715946,0.6038604957227462,0.04869488923009432,0.09695108576442202,0.903048914235578,2189.0,437.8,5,10,1823.0,366.0,FULL PRICE,218.9,0.8328003654636821,0.16719963453631795,1452.0,14898.666666666666,1092.0,
158,1022647,20180922,20200921,20200829,4613.0,384.4166666666667,571.0,571.0,12,17,3764.0,849.0,FULL PRICE,4210.0,300.0,103.0,1403.0,3210.0,20180929,300.0,20200822,227.0,271.3529411764706,0.8159549100368524,0.18404508996314764,0.9126381964014741,0.06503360069369174,0.022328202904834164,0.3041404725774984,0.6958595274225017,2596.0,370.85714285714283,7,10,2047.0,549.0,FULL PRICE,259.6,0.7885208012326657,0.21147919876733437,1474.0,9090.25,1072.0,
159,1022784,20181117,20200921,20200613,1350.0,337.5,396.0,396.0,4,6,577.0,773.0,SALE,1350.0,0.0,0.0,0.0,1350.0,20190914,279.0,20200201,396.0,225.0,0.4274074074074074,0.5725925925925925,1.0,0.0,0.0,0.0,1.0,1071.0,357.0,3,5,298.0,773.0,SALE,214.2,0.27824463118580767,0.7217553688141923,0.0,,0.0,
160,1022921,20190105,20200921,20200725,1391.0,347.75,411.0,411.0,4,7,133.0,1258.0,SALE,1064.0,327.0,0.0,0.0,1391.0,20190720,328.0,20200125,411.0,198.71428571428572,0.09561466570812366,0.9043853342918764,0.7649173256649893,0.2350826743350108,0.0,0.0,1.0,813.0,406.5,2,4,60.0,753.0,SALE,203.25,0.07380073800738007,0.9261992619926199,0.0,,0.0,
161,1023058,20181110,20200921,20200919,1198.0,299.5,344.0,344.0,4,9,361.0,837.0,SALE,191.0,1007.0,0.0,0.0,1198.0,20190216,273.0,20200905,278.0,133.11111111111111,0.3013355592654424,0.6986644407345576,0.15943238731218698,0.840567612687813,0.0,0.0,1.0,622.0,311.0,2,7,58.0,564.0,SALE,88.85714285714286,0.0932475884244373,0.9067524115755627,622.0,1089.0,278.0,
162,1023195,20190105,20200921,20200801,1887.0,314.5,532.0,532.0,6,9,1104.0,783.0,MIXED,520.0,1367.0,0.0,306.0,1581.0,20190316,170.0,20200530,287.0,209.66666666666666,0.5850556438791733,0.4149443561208267,0.27556968733439324,0.7244303126656068,0.0,0.16216216216216217,0.8378378378378378,957.0,319.0,3,5,278.0,679.0,SALE,191.4,0.290491118077325,0.709508881922675,287.0,0.0,0.0,
163,1023332,20181027,20200921,20200725,1431.0,357.75,471.0,471.0,4,7,298.0,1133.0,SALE,960.0,471.0,0.0,325.0,1106.0,20181215,338.0,20200314,471.0,204.42857142857142,0.2082459818308875,0.7917540181691125,0.6708595387840671,0.32914046121593293,0.0,0.22711390635918938,0.7728860936408106,471.0,471.0,1,1,0.0,471.0,SALE,471.0,0.0,1.0,0.0,,0.0,
164,1023469,20181020,20200921,20200919,2078.0,346.3333333333333,407.0,407.0,6,9,328.0,1750.0,SALE,1696.0,0.0,382.0,0.0,2078.0,20181110,334.0,20200905,382.0,230.88888888888889,0.15784408084696824,0.8421559191530318,0.8161693936477382,0.0,0.18383060635226178,0.0,1.0,1083.0,361.0,3,4,328.0,755.0,SALE,270.75,0.3028624192059095,0.6971375807940905,710.0,729.0,382.0,
165,1023606,20181117,20200921,20200704,544.0,272.0,323.0,323.0,2,2,0.0,544.0,SALE,544.0,0.0,0.0,0.0,544.0,20190406,323.0,20190831,221.0,272.0,0.0,1.0,1.0,0.0,0.0,0.0,1.0,0.0,0.0,0,0,0.0,0.0,UNKNOWN,0.0,0.0,0.0,0.0,,0.0,
166,1023743,20180922,20200921,20200905,1865.0,310.8333333333333,438.0,438.0,6,7,128.0,1737.0,SALE,427.0,1277.0,161.0,0.0,1865.0,20180922,299.0,20200905,305.0,266.42857142857144,0.06863270777479893,0.9313672922252011,0.2289544235924933,0.6847184986595174,0.08632707774798927,0.0,1.0,690.0,345.0,2,2,0.0,690.0,SALE,345.0,0.0,1.0,690.0,1600.0,305.0,
167,1023880,20180929,20200921,20200912,4566.0,456.6,599.0,599.0,10,16,3017.0,1549.0,FULL PRICE,3219.0,571.0,776.0,1035.0,3531.0,20181124,544.0,20200829,389.0,285.375,0.6607533946561542,0.3392466053438458,0.7049934296977661,0.12505475251861586,0.16995181778361804,0.2266754270696452,0.7733245729303548,2560.0,426.6666666666667,6,11,1998.0,562.0,FULL PRICE,232.72727272727272,0.78046875,0.21953125,1068.0,632.6666666666666,740.0,
168,1024017,20181222,20200921,20200905,476.0,238.0,281.0,281.0,2,2,195.0,281.0,MIXED,195.0,281.0,0.0,0.0,476.0,20190511,281.0,20200606,195.0,238.0,0.4096638655462185,0.5903361344537815,0.4096638655462185,0.5903361344537815,0.0,0.0,1.0,195.0,195.0,1,1,195.0,0.0,FULL PRICE,195.0,1.0,0.0,195.0,0.0,0.0,
169,1024154,20181020,20200921,20200314,1788.0,298.0,391.0,391.0,6,11,202.0,1586.0,SALE,820.0,968.0,0.0,0.0,1788.0,20181020,306.0,20191123,154.0,162.54545454545453,0.11297539149888143,0.8870246085011185,0.45861297539149887,0.5413870246085011,0.0,0.0,1.0,409.0,204.5,2,4,0.0,409.0,SALE,102.25,0.0,1.0,0.0,,0.0,
170,1024291,20190504,20200921,20190727,804.0,402.0,405.0,405.0,2,2,0.0,804.0,SALE,804.0,0.0,0.0,0.0,804.0,20190525,399.0,20190622,405.0,402.0,0.0,1.0,1.0,0.0,0.0,0.0,1.0,0.0,0.0,0,0,0.0,0.0,UNKNOWN,0.0,0.0,0.0,0.0,,0.0,
171,1024428,20181006,20200921,20200919,1916.0,319.3333333333333,438.0,438.0,6,11,356.0,1560.0,MIXED,174.0,1742.0,0.0,0.0,1916.0,20181103,438.0,20200905,333.0,174.1818181818182,0.18580375782881003,0.81419624217119,0.09081419624217119,0.9091858037578288,0.0,0.0,1.0,882.0,294.0,3,5,330.0,552.0,MIXED,176.4,0.3741496598639456,0.6258503401360545,333.0,0.0,333.0,
172,1024565,20181117,20200921,20200919,1428.0,357.0,503.0,503.0,4,8,251.0,1177.0,FULL PRICE,1285.0,139.0,4.0,0.0,1428.0,20181222,325.0,20200502,323.0,178.5,0.17577030812324929,0.8242296918767507,0.8998599439775911,0.09733893557422969,0.0028011204481792717,0.0,1.0,600.0,300.0,2,5,247.0,353.0,FULL PRICE,120.0,0.4116666666666667,0.5883333333333334,323.0,0.0,0.0,
173,1024702,20181020,20200921,20191130,686.0,343.0,382.0,382.0,2,5,0.0,686.0,SALE,536.0,150.0,0.0,0.0,686.0,20190323,382.0,20190615,304.0,137.2,0.0,1.0,0.7813411078717201,0.21865889212827988,0.0,0.0,1.0,0.0,0.0,0,0,0.0,0.0,UNKNOWN,0.0,0.0,0.0,0.0,,0.0,
174,1024839,20181006,20200921,20200111,1395.0,348.75,428.0,428.0,4,4,0.0,1395.0,SALE,0.0,1395.0,0.0,428.0,967.0,20181013,320.0,20191109,428.0,348.75,0.0,1.0,0.0,1.0,0.0,0.3068100358422939,0.6931899641577061,428.0,428.0,1,1,0.0,428.0,SALE,428.0,0.0,1.0,0.0,,0.0,
175,1024976,20181027,20200921,20200919,464.0,232.0,386.0,386.0,2,4,378.0,86.0,MIXED,0.0,378.0,86.0,0.0,464.0,20190824,78.0,20200711,386.0,116.0,0.8146551724137931,0.1853448275862069,0.0,0.8146551724137931,0.1853448275862069,0.0,1.0,386.0,386.0,1,3,378.0,8.0,MIXED,128.66666666666666,0.9792746113989638,0.02072538860103627,386.0,0.0,386.0,
176,1025113,20190316,20200921,20200125,688.0,344.0,376.0,376.0,2,5,73.0,615.0,FULL PRICE,312.0,376.0,0.0,0.0,688.0,20190622,376.0,20191221,312.0,137.6,0.10610465116279069,0.8938953488372093,0.45348837209302323,0.5465116279069767,0.0,0.0,1.0,312.0,312.0,1,4,73.0,239.0,FULL PRICE,78.0,0.23397435897435898,0.7660256410256411,0.0,,0.0,
177,1025250,20190608,20200921,20200229,577.0,288.5,324.0,324.0,2,2,253.0,324.0,MIXED,0.0,577.0,0.0,0.0,577.0,20191130,253.0,20191207,324.0,288.5,0.43847487001733104,0.561525129982669,0.0,1.0,0.0,0.0,1.0,577.0,288.5,2,2,253.0,324.0,MIXED,288.5,0.43847487001733104,0.561525129982669,0.0,,0.0,
178,1025387,20181103,20200921,20200919,1884.0,314.0,433.0,433.0,6,8,540.0,1344.0,SALE,560.0,619.0,705.0,272.0,1612.0,20181117,302.0,20200801,272.0,235.5,0.28662420382165604,0.7133757961783439,0.29723991507430997,0.32855626326963905,0.37420382165605093,0.14437367303609341,0.8556263269639066,1336.0,334.0,4,5,294.0,1042.0,SALE,267.2,0.22005988023952097,0.7799401197604791,272.0,0.0,272.0,
179,1025524,20181124,20200921,20200516,1813.0,302.1666666666667,451.0,451.0,6,13,109.0,1704.0,SALE,285.0,1257.0,271.0,0.0,1813.0,20181124,319.0,20200328,451.0,139.46153846153845,0.06012134583563155,0.9398786541643684,0.1571980143408715,0.6933259790402647,0.14947600661886376,0.0,1.0,1243.0,310.75,4,8,109.0,1134.0,SALE,155.375,0.08769106999195495,0.912308930008045,451.0,0.0,0.0,
180,1025661,20181020,20200921,20200905,2102.0,350.3333333333333,479.0,479.0,6,9,713.0,1389.0,SALE,2026.0,76.0,0.0,0.0,2102.0,20190112,275.0,20200822,269.0,233.55555555555554,0.3392007611798287,0.6607992388201712,0.9638439581351094,0.03615604186489058,0.0,0.0,1.0,1450.0,362.5,4,6,713.0,737.0,SALE,241.66666666666666,0.4917241379310345,0.5082758620689655,1058.0,8260.22222222222,579.0,
181,1025798,20180922,20200921,20200912,4201.0,350.0833333333333,539.0,539.0,12,21,3321.0,880.0,FULL PRICE,3596.0,243.0,362.0,707.0,3494.0,20180922,539.0,20200829,310.0,200.04761904761904,0.7905260652225661,0.20947393477743395,0.8559866698405142,0.05784337062604142,0.08616995953344442,0.1682932635086884,0.8317067364913115,2407.0,343.85714285714283,7,13,1964.0,443.0,FULL PRICE,185.15384615384616,0.8159534690486082,0.18404653095139178,1672.0,2330.64,722.0,
182,1025935,20181229,20200921,20200919,2177.0,362.8333333333333,463.0,463.0,6,9,997.0,1180.0,SALE,1432.0,191.0,554.0,0.0,2177.0,20190105,252.0,20200516,438.0,241.88888888888889,0.4579696830500689,0.5420303169499311,0.6577859439595773,0.08773541570969223,0.25447864033073037,0.0,1.0,901.0,450.5,2,4,139.0,762.0,SALE,225.25,0.15427302996670367,0.8457269700332963,438.0,0.0,0.0,
183,1026072,20181229,20200921,20200104,543.0,271.5,367.0,367.0,2,3,0.0,543.0,SALE,292.0,0.0,251.0,0.0,543.0,20190525,176.0,20191123,367.0,181.0,0.0,1.0,0.5377532228360957,0.0,0.4622467771639042,0.0,1.0,367.0,367.0,1,2,0.0,367.0,SALE,183.5,0.0,1.0,0.0,,0.0,
184,1026209,20181013,20200921,20190427,599.0,299.5,430.0,430.0,2,2,430.0,169.0,MIXED,599.0,0.0,0.0,0.0,599.0,20190202,169.0,20190223,430.0,299.5,0.7178631051752922,0.28213689482470783,1.0,0.0,0.0,0.0,1.0,0.0,0.0,0,0,0.0,0.0,UNKNOWN,0.0,0.0,0.0,0.0,,0.0,
185,1026346,20190420,20200921,20200606,801.0,400.5,406.0,406.0,2,4,0.0,801.0,SALE,406.0,0.0,395.0,406.0,395.0,20191221,395.0,20200530,406.0,200.25,0.0,1.0,0.5068664169787765,0.0,0.49313358302122345,0.5068664169787765,0.49313358302122345,801.0,400.5,2,4,0.0,801.0,SALE,200.25,0.0,1.0,406.0,0.0,0.0,
186,1026483,20181201,20200921,20200829,1148.0,287.0,323.0,323.0,4,8,585.0,563.0,SALE,856.0,292.0,0.0,0.0,1148.0,20190511,292.0,20200829,323.0,143.5,0.509581881533101,0.490418118466899,0.7456445993031359,0.25435540069686413,0.0,0.0,1.0,323.0,323.0,1,2,0.0,323.0,SALE,161.5,0.0,1.0,323.0,0.0,323.0,
187,1026620,20181201,20200921,20200201,530.0,265.0,266.0,266.0,2,2,266.0,264.0,MIXED,0.0,530.0,0.0,266.0,264.0,20190223,264.0,20190810,266.0,265.0,0.5018867924528302,0.4981132075471698,0.0,1.0,0.0,0.5018867924528302,0.4981132075471698,0.0,0.0,0,0,0.0,0.0,UNKNOWN,0.0,0.0,0.0,0.0,,0.0,
188,1026757,20180922,20200921,20200912,982.0,245.5,284.0,284.0,4,4,486.0,496.0,FULL PRICE,524.0,256.0,202.0,0.0,982.0,20181124,256.0,20200822,202.0,245.5,0.49490835030549896,0.505091649694501,0.5336048879837068,0.2606924643584521,0.20570264765784113,0.0,1.0,726.0,242.0,3,3,486.0,240.0,FULL PRICE,242.0,0.6694214876033058,0.3305785123966942,726.0,1122.6666666666667,726.0,
189,1026894,20181027,20200921,20200808,1210.0,302.5,435.0,435.0,4,5,42.0,1168.0,SALE,118.0,702.0,390.0,0.0,1210.0,20181201,118.0,20200704,435.0,242.0,0.03471074380165289,0.9652892561983472,0.09752066115702479,0.5801652892561984,0.32231404958677684,0.0,1.0,702.0,351.0,2,3,42.0,660.0,SALE,234.0,0.05982905982905983,0.9401709401709402,435.0,0.0,435.0,
190,1027031,20190209,20200921,20200314,1384.0,346.0,393.0,393.0,4,4,0.0,1384.0,SALE,0.0,1384.0,0.0,0.0,1384.0,20190302,393.0,20200215,319.0,346.0,0.0,1.0,0.0,1.0,0.0,0.0,1.0,696.0,348.0,2,2,0.0,696.0,SALE,348.0,0.0,1.0,0.0,,0.0,
191,1027168,20181110,20200921,20200905,1501.0,375.25,453.0,453.0,4,6,0.0,1501.0,SALE,0.0,1105.0,396.0,0.0,1501.0,20190601,453.0,20200905,278.0,250.16666666666666,0.0,1.0,0.0,0.7361758827448368,0.26382411725516325,0.0,1.0,1048.0,349.3333333333333,3,3,0.0,1048.0,SALE,349.3333333333333,0.0,1.0,688.0,4356.0,278.0,
192,1027305,20180922,20200921,20200829,1853.0,308.8333333333333,461.0,461.0,6,8,242.0,1611.0,MIXED,4.0,1643.0,206.0,0.0,1853.0,20181013,364.0,20200822,88.0,231.625,0.1305990286022666,0.8694009713977334,0.0021586616297895305,0.8866702644360497,0.11117107393416081,0.0,1.0,393.0,196.5,2,2,88.0,305.0,MIXED,196.5,0.22391857506361323,0.7760814249363868,393.0,11772.25,88.0,
193,1027442,20181006,20200921,20200808,1734.0,289.0,470.0,470.0,6,11,268.0,1466.0,SALE,1466.0,268.0,0.0,0.0,1734.0,20190608,251.0,20200321,341.0,157.63636363636363,0.15455594002306805,0.845444059976932,0.845444059976932,0.15455594002306805,0.0,0.0,1.0,1483.0,296.6,5,10,268.0,1215.0,SALE,148.3,0.18071476736345246,0.8192852326365475,0.0,,0.0,
194,1027579,20181103,20200921,20200822,1182.0,295.5,331.0,331.0,4,7,75.0,1107.0,SALE,0.0,1182.0,0.0,331.0,851.0,20190622,312.0,20200822,300.0,168.85714285714286,0.06345177664974619,0.9365482233502538,0.0,1.0,0.0,0.2800338409475465,0.7199661590524534,870.0,290.0,3,5,61.0,809.0,SALE,174.0,0.07011494252873564,0.9298850574712644,539.0,930.25,300.0,
195,1027716,20181020,20200921,20200516,703.0,351.5,377.0,377.0,2,3,0.0,703.0,SALE,221.0,482.0,0.0,0.0,703.0,20190608,326.0,20200425,377.0,234.33333333333334,0.0,1.0,0.31436699857752487,0.6856330014224751,0.0,0.0,1.0,377.0,377.0,1,1,0.0,377.0,SALE,377.0,0.0,1.0,377.0,0.0,0.0,
196,1027853,20190223,20200921,20200425,783.0,391.5,404.0,404.0,2,3,0.0,783.0,SALE,404.0,379.0,0.0,0.0,783.0,20200229,379.0,20200321,404.0,261.0,0.0,1.0,0.5159642401021711,0.4840357598978289,0.0,0.0,1.0,783.0,391.5,2,3,0.0,783.0,SALE,261.0,0.0,1.0,0.0,,0.0,
197,1027990,20181208,20200921,20200627,604.0,302.0,326.0,326.0,2,2,326.0,278.0,MIXED,604.0,0.0,0.0,0.0,604.0,20190928,278.0,20200502,326.0,302.0,0.5397350993377483,0.4602649006622517,1.0,0.0,0.0,0.0,1.0,604.0,302.0,2,2,326.0,278.0,MIXED,302.0,0.5397350993377483,0.4602649006622517,326.0,0.0,0.0,
198,1028127,20180922,20200921,20200711,2167.0,361.1666666666667,648.0,648.0,6,9,382.0,1785.0,SALE,2110.0,0.0,57.0,0.0,2167.0,20181229,648.0,20200613,231.0,240.77777777777777,0.1762805722196585,0.8237194277803415,0.9736963544070143,0.0,0.026303645592985696,0.0,1.0,1245.0,311.25,4,7,108.0,1137.0,SALE,177.85714285714286,0.08674698795180723,0.9132530120481928,231.0,0.0,0.0,
199,1028264,20190525,20200921,20200905,561.0,280.5,362.0,362.0,2,4,199.0,362.0,MIXED,297.0,264.0,0.0,0.0,561.0,20190803,362.0,20200314,199.0,140.25,0.35472370766488415,0.6452762923351159,0.5294117647058824,0.47058823529411764,0.0,0.0,1.0,199.0,199.0,1,1,199.0,0.0,FULL PRICE,199.0,1.0,0.0,0.0,,0.0,
200,1028401,20181006,20200921,20200912,1923.0,320.5,471.0,471.0,6,15,44.0,1879.0,SALE,1515.0,266.0,142.0,0.0,1923.0,20190223,471.0,20200627,247.0,128.2,0.022880915236609463,0.9771190847633905,0.7878315132605305,0.13832553302132086,0.07384295371814872,0.0,1.0,1097.0,274.25,4,11,44.0,1053.0,SALE,99.72727272727273,0.040109389243391066,0.959890610756609,818.0,330.88888888888886,247.0,
201,1028538,20181201,20200921,20200321,1972.0,328.6666666666667,489.0,489.0,6,10,294.0,1678.0,SALE,1359.0,314.0,299.0,0.0,1972.0,20190202,489.0,20200321,227.0,197.2,0.14908722109533468,0.8509127789046653,0.6891480730223124,0.1592292089249493,0.15162271805273833,0.0,1.0,613.0,306.5,2,2,0.0,613.0,SALE,306.5,0.0,1.0,0.0,,0.0,
202,1028675,20181020,20200921,20200704,1917.0,319.5,402.0,402.0,6,8,349.0,1568.0,SALE,1207.0,349.0,361.0,0.0,1917.0,20181027,232.0,20191102,287.0,239.625,0.18205529473135107,0.8179447052686489,0.6296296296296297,0.18205529473135107,0.1883150756390193,0.0,1.0,287.0,287.0,1,2,0.0,287.0,SALE,143.5,0.0,1.0,0.0,,0.0,
203,1028812,20180929,20200921,20200829,2242.0,373.6666666666667,496.0,496.0,6,12,193.0,2049.0,SALE,358.0,1480.0,404.0,0.0,2242.0,20181117,469.0,20200815,404.0,186.83333333333334,0.08608385370205174,0.9139161462979483,0.15967885816235505,0.6601248884924175,0.1801962533452275,0.0,1.0,919.0,306.3333333333333,3,6,0.0,919.0,SALE,153.16666666666666,0.0,1.0,919.0,6897.555555555555,919.0,
204,1028949,20190504,20200921,20200801,572.0,286.0,301.0,301.0,2,2,0.0,572.0,SALE,0.0,271.0,301.0,0.0,572.0,20200111,301.0,20200523,271.0,286.0,0.0,1.0,0.0,0.4737762237762238,0.5262237762237763,0.0,1.0,572.0,286.0,2,2,0.0,572.0,SALE,286.0,0.0,1.0,271.0,0.0,0.0,
205,1029086,20190511,20200921,20200801,739.0,369.5,376.0,376.0,2,2,0.0,739.0,SALE,739.0,0.0,0.0,0.0,739.0,20190727,376.0,20200711,363.0,369.5,0.0,1.0,1.0,0.0,0.0,0.0,1.0,363.0,363.0,1,1,0.0,363.0,SALE,363.0,0.0,1.0,363.0,0.0,363.0,
206,1029223,20190420,20200921,20200912,1938.0,323.0,416.0,416.0,6,9,14.0,1924.0,SALE,1715.0,223.0,0.0,293.0,1645.0,20190817,362.0,20200411,285.0,215.33333333333334,0.007223942208462332,0.9927760577915377,0.8849329205366357,0.1150670794633643,0.0,0.15118679050567596,0.848813209494324,1160.0,290.0,4,6,0.0,1160.0,SALE,193.33333333333334,0.0,1.0,644.0,1369.0,0.0,
207,1029360,20181020,20200921,20200411,1298.0,324.5,430.0,430.0,4,5,0.0,1298.0,SALE,111.0,1187.0,0.0,0.0,1298.0,20181110,430.0,20200222,365.0,259.6,0.0,1.0,0.08551617873651772,0.9144838212634823,0.0,0.0,1.0,610.0,305.0,2,3,0.0,610.0,SALE,203.33333333333334,0.0,1.0,0.0,,0.0,
208,1029497,20190316,20200921,20200919,1320.0,330.0,362.0,362.0,4,5,358.0,962.0,SALE,273.0,1047.0,0.0,0.0,1320.0,20190330,274.0,20200912,326.0,264.0,0.27121212121212124,0.7287878787878788,0.20681818181818182,0.7931818181818182,0.0,0.0,1.0,1046.0,348.6666666666667,3,4,358.0,688.0,SALE,261.5,0.3422562141491396,0.6577437858508605,684.0,256.0,326.0,
209,1029634,20181013,20200921,20200606,646.0,323.0,369.0,369.0,2,2,0.0,646.0,SALE,646.0,0.0,0.0,0.0,646.0,20190209,277.0,20191221,369.0,323.0,0.0,1.0,1.0,0.0,0.0,0.0,1.0,369.0,369.0,1,1,0.0,369.0,SALE,369.0,0.0,1.0,0.0,,0.0,
210,1029771,20190525,20200921,20200905,772.0,386.0,401.0,401.0,2,3,371.0,401.0,MIXED,0.0,772.0,0.0,0.0,772.0,20191109,371.0,20200829,401.0,257.3333333333333,0.4805699481865285,0.5194300518134715,0.0,1.0,0.0,0.0,1.0,772.0,386.0,2,3,371.0,401.0,MIXED,257.3333333333333,0.4805699481865285,0.5194300518134715,401.0,0.0,401.0,
211,1029908,20191221,20200921,20200606,559.0,279.5,301.0,301.0,2,4,0.0,559.0,SALE,52.0,258.0,249.0,301.0,258.0,20200509,301.0,20200530,258.0,139.75,0.0,1.0,0.09302325581395349,0.46153846153846156,0.44543828264758495,0.5384615384615384,0.46153846153846156,559.0,279.5,2,4,0.0,559.0,SALE,139.75,0.0,1.0,559.0,462.25,0.0,
212,1030045,20181103,20200921,20200104,1917.0,319.5,399.0,399.0,6,10,724.0,1193.0,SALE,1226.0,337.0,354.0,0.0,1917.0,20181103,399.0,20191116,269.0,191.7,0.3776734480959833,0.6223265519040166,0.6395409494001043,0.17579551382368283,0.18466353677621283,0.0,1.0,269.0,269.0,1,1,0.0,269.0,SALE,269.0,0.0,1.0,0.0,,0.0,
213,1030182,20190223,20200921,20200829,777.0,388.5,394.0,394.0,2,2,394.0,383.0,MIXED,777.0,0.0,0.0,0.0,777.0,20190223,394.0,20200208,383.0,388.5,0.5070785070785071,0.4929214929214929,1.0,0.0,0.0,0.0,1.0,383.0,383.0,1,1,0.0,383.0,SALE,383.0,0.0,1.0,0.0,,0.0,
214,1030319,20181215,20200921,20200711,1126.0,281.5,375.0,375.0,4,4,263.0,863.0,MIXED,169.0,957.0,0.0,0.0,1126.0,20190622,375.0,20200208,263.0,281.5,0.23357015985790408,0.7664298401420959,0.15008880994671403,0.849911190053286,0.0,0.0,1.0,263.0,263.0,1,1,263.0,0.0,FULL PRICE,263.0,1.0,0.0,0.0,,0.0,
215,1030456,20181103,20200921,20200829,1799.0,299.8333333333333,341.0,341.0,6,6,525.0,1274.0,MIXED,565.0,933.0,301.0,0.0,1799.0,20190105,290.0,20200725,224.0,299.8333333333333,0.2918287937743191,0.708171206225681,0.3140633685380767,0.5186214563646471,0.16731517509727625,0.0,1.0,1168.0,292.0,4,4,525.0,643.0,MIXED,292.0,0.449486301369863,0.550513698630137,553.0,2756.25,224.0,
216,1030593,20181013,20200921,20200425,1390.0,347.5,399.0,399.0,4,9,448.0,942.0,MIXED,74.0,1316.0,0.0,0.0,1390.0,20190810,399.0,20191214,320.0,154.44444444444446,0.32230215827338127,0.6776978417266187,0.053237410071942444,0.9467625899280575,0.0,0.0,1.0,603.0,301.5,2,5,157.0,446.0,MIXED,120.6,0.2603648424543947,0.7396351575456053,0.0,,0.0,
217,1030730,20190316,20200921,20200919,902.0,225.5,369.0,369.0,4,6,231.0,671.0,SALE,260.0,642.0,0.0,0.0,902.0,20190511,243.0,20200328,106.0,150.33333333333334,0.25609756097560976,0.7439024390243902,0.28824833702882485,0.7117516629711752,0.0,0.0,1.0,659.0,219.66666666666666,3,3,0.0,659.0,SALE,219.66666666666666,0.0,1.0,106.0,0.0,0.0,
218,1030867,20181006,20200921,20200704,1455.0,363.75,399.0,399.0,4,7,201.0,1254.0,MIXED,101.0,1254.0,100.0,0.0,1455.0,20181020,347.0,20200620,361.0,207.85714285714286,0.13814432989690723,0.8618556701030928,0.06941580756013746,0.8618556701030928,0.06872852233676977,0.0,1.0,361.0,361.0,1,3,201.0,160.0,MIXED,120.33333333333333,0.556786703601108,0.44321329639889195,361.0,0.0,0.0,
219,1031004,20181110,20200921,20200718,1248.0,312.0,350.0,350.0,4,8,360.0,888.0,FULL PRICE,1248.0,0.0,0.0,0.0,1248.0,20181110,253.0,20200704,350.0,156.0,0.28846153846153844,0.7115384615384616,1.0,0.0,0.0,0.0,1.0,698.0,349.0,2,4,350.0,348.0,FULL PRICE,174.5,0.501432664756447,0.498567335243553,350.0,0.0,350.0,
220,1031141,20181124,20200921,20200905,1908.0,318.0,411.0,411.0,6,11,837.0,1071.0,SALE,1637.0,45.0,226.0,0.0,1908.0,20190330,411.0,20200822,371.0,173.45454545454547,0.4386792452830189,0.5613207547169812,0.8579664570230608,0.02358490566037736,0.11844863731656184,0.0,1.0,1294.0,323.5,4,7,426.0,868.0,SALE,184.85714285714286,0.32921174652241114,0.6707882534775889,665.0,1482.25,371.0,
221,1031278,20181027,20200921,20200829,6331.0,452.2142857142857,605.0,605.0,14,21,4755.0,1576.0,FULL PRICE,1490.0,4602.0,239.0,1890.0,4441.0,20181027,523.0,20200606,457.0,301.4761904761905,0.7510661822776813,0.24893381772231876,0.2353498657400095,0.7268993839835729,0.037750750276417624,0.2985310377507503,0.7014689622492497,3789.0,473.625,8,12,3057.0,732.0,FULL PRICE,315.75,0.8068091844813935,0.19319081551860648,958.0,484.0,0.0,
222,1031415,20181103,20200921,20200822,2335.0,389.1666666666667,578.0,578.0,6,9,344.0,1991.0,FULL PRICE,440.0,1373.0,522.0,347.0,1988.0,20181103,319.0,20200808,265.0,259.44444444444446,0.14732334047109208,0.8526766595289079,0.18843683083511778,0.5880085653104925,0.22355460385438972,0.1486081370449679,0.8513918629550321,1190.0,396.6666666666667,3,5,40.0,1150.0,FULL PRICE,238.0,0.03361344537815126,0.9663865546218487,843.0,24492.25,843.0,
223,1031552,20180922,20200921,20200912,673.0,336.5,393.0,393.0,2,2,280.0,393.0,MIXED,0.0,673.0,0.0,0.0,673.0,20180929,393.0,20200905,280.0,336.5,0.4160475482912333,0.5839524517087668,0.0,1.0,0.0,0.0,1.0,280.0,280.0,1,1,280.0,0.0,FULL PRICE,280.0,1.0,0.0,280.0,0.0,280.0,
224,1031689,20181124,20200921,20200829,1485.0,247.5,362.0,362.0,6,8,472.0,1013.0,SALE,299.0,1186.0,0.0,0.0,1485.0,20190202,166.0,20200808,266.0,185.625,0.3178451178451178,0.6821548821548822,0.20134680134680136,0.7986531986531986,0.0,0.0,1.0,1319.0,263.8,5,7,472.0,847.0,SALE,188.42857142857142,0.35784685367702807,0.6421531463229719,952.0,1558.2222222222224,590.0,
225,1031826,20181006,20200921,20200725,1540.0,256.6666666666667,340.0,340.0,6,8,325.0,1215.0,SALE,706.0,834.0,0.0,0.0,1540.0,20181110,267.0,20200606,340.0,192.5,0.21103896103896103,0.788961038961039,0.4584415584415584,0.5415584415584416,0.0,0.0,1.0,1074.0,268.5,4,5,208.0,866.0,SALE,214.8,0.19366852886405958,0.8063314711359404,340.0,0.0,0.0,
226,1031963,20181215,20200921,20200815,669.0,334.5,341.0,341.0,2,5,37.0,632.0,SALE,341.0,328.0,0.0,328.0,341.0,20190209,341.0,20190824,328.0,133.8,0.05530642750373692,0.9446935724962631,0.5097159940209267,0.49028400597907323,0.0,0.49028400597907323,0.5097159940209267,0.0,0.0,0,0,0.0,0.0,UNKNOWN,0.0,0.0,0.0,0.0,,0.0,
227,1032100,20181215,20200921,20200912,1348.0,337.0,385.0,385.0,4,9,14.0,1334.0,SALE,180.0,388.0,780.0,0.0,1348.0,20190921,300.0,20200627,385.0,149.77777777777777,0.010385756676557863,0.9896142433234422,0.13353115727002968,0.2878338278931751,0.5786350148367952,0.0,1.0,1048.0,349.3333333333333,3,6,14.0,1034.0,SALE,174.66666666666666,0.013358778625954198,0.9866412213740458,385.0,0.0,385.0,
228,1032237,20181027,20200921,20200919,3198.0,399.75,518.0,518.0,8,14,2394.0,804.0,SALE,2847.0,351.0,0.0,0.0,3198.0,20181103,518.0,20200815,297.0,228.42857142857142,0.7485928705440901,0.25140712945590993,0.8902439024390244,0.10975609756097561,0.0,0.0,1.0,1452.0,363.0,4,5,648.0,804.0,SALE,290.4,0.4462809917355372,0.5537190082644629,1070.0,2620.222222222222,297.0,
229,1032374,20180929,20200921,20200606,1837.0,306.1666666666667,333.0,333.0,6,9,624.0,1213.0,SALE,61.0,1776.0,0.0,291.0,1546.0,20180929,294.0,20200530,277.0,204.11111111111111,0.3396842678279804,0.6603157321720196,0.03320631464344039,0.9667936853565596,0.0,0.15841045182362548,0.8415895481763745,277.0,277.0,1,2,0.0,277.0,SALE,138.5,0.0,1.0,277.0,0.0,0.0,
230,1032511,20180922,20200921,20200905,2444.0,407.3333333333333,651.0,651.0,6,7,906.0,1538.0,MIXED,1793.0,0.0,651.0,516.0,1928.0,20180922,651.0,20200905,155.0,349.14285714285717,0.3707037643207856,0.6292962356792144,0.733633387888707,0.0,0.266366612111293,0.21112929623567922,0.7888707037643208,155.0,155.0,1,1,0.0,155.0,SALE,155.0,0.0,1.0,155.0,0.0,155.0,
231,1032648,20190119,20200921,20200815,1699.0,283.1666666666667,343.0,343.0,6,14,413.0,1286.0,SALE,1326.0,364.0,9.0,278.0,1421.0,20190209,328.0,20200704,306.0,121.35714285714286,0.24308416715715125,0.7569158328428487,0.7804590935844614,0.2142436727486757,0.00529723366686286,0.16362566215420835,0.8363743378457916,1371.0,274.2,5,13,413.0,958.0,SALE,105.46153846153847,0.3012399708242159,0.6987600291757841,468.0,5184.0,306.0,
232,1032785,20180929,20200921,20200208,1872.0,312.0,370.0,370.0,6,11,870.0,1002.0,SALE,246.0,1626.0,0.0,217.0,1655.0,20181020,319.0,20200118,283.0,170.1818181818182,0.46474358974358976,0.5352564102564102,0.13141025641025642,0.8685897435897436,0.0,0.11591880341880342,0.8840811965811965,283.0,283.0,1,1,0.0,283.0,SALE,283.0,0.0,1.0,0.0,,0.0,
233,1032922,20181013,20200921,20200711,1380.0,345.0,432.0,432.0,4,4,0.0,1380.0,SALE,948.0,432.0,0.0,0.0,1380.0,20181013,285.0,20200620,432.0,345.0,0.0,1.0,0.6869565217391305,0.3130434782608696,0.0,0.0,1.0,751.0,375.5,2,2,0.0,751.0,SALE,375.5,0.0,1.0,751.0,3192.25,0.0,
234,1033059,20180922,20200921,20200718,2377.0,396.1666666666667,466.0,466.0,6,7,332.0,2045.0,SALE,1937.0,0.0,440.0,440.0,1937.0,20180922,440.0,20200704,394.0,339.57142857142856,0.13967185527976442,0.8603281447202356,0.8148927219183845,0.0,0.18510727808161548,0.18510727808161548,0.8148927219183845,394.0,394.0,1,1,0.0,394.0,SALE,394.0,0.0,1.0,394.0,0.0,394.0,
235,1033196,20190921,20200921,20200704,1374.0,343.5,459.0,459.0,4,8,605.0,769.0,SALE,35.0,1339.0,0.0,0.0,1374.0,20191019,310.0,20200704,459.0,171.75,0.4403202328966521,0.5596797671033479,0.025473071324599708,0.9745269286754003,0.0,0.0,1.0,1374.0,343.5,4,8,605.0,769.0,SALE,171.75,0.4403202328966521,0.5596797671033479,783.0,4556.25,459.0,
236,1033333,20190907,20200921,20200718,674.0,337.0,402.0,402.0,2,2,0.0,674.0,SALE,272.0,402.0,0.0,0.0,674.0,20191109,402.0,20200704,272.0,337.0,0.0,1.0,0.4035608308605341,0.5964391691394659,0.0,0.0,1.0,674.0,337.0,2,2,0.0,674.0,SALE,337.0,0.0,1.0,272.0,0.0,272.0,
237,1033470,20190105,20200921,20200919,1394.0,348.5,422.0,422.0,4,9,192.0,1202.0,SALE,127.0,1264.0,3.0,0.0,1394.0,20190209,252.0,20200912,345.0,154.88888888888889,0.13773314203730272,0.8622668579626973,0.09110473457675754,0.9067431850789096,0.002152080344332855,0.0,1.0,345.0,345.0,1,2,0.0,345.0,SALE,172.5,0.0,1.0,345.0,0.0,345.0,
238,1033607,20181006,20200921,20200822,1186.0,296.5,356.0,356.0,4,7,238.0,948.0,SALE,346.0,840.0,0.0,0.0,1186.0,20181117,269.0,20200125,346.0,169.42857142857142,0.20067453625632378,0.7993254637436762,0.2917369308600337,0.7082630691399663,0.0,0.0,1.0,702.0,351.0,2,3,204.0,498.0,SALE,234.0,0.2905982905982906,0.7094017094017094,0.0,,0.0,
239,1033744,20181103,20200921,20200718,1599.0,266.5,400.0,400.0,6,7,122.0,1477.0,SALE,1226.0,0.0,373.0,0.0,1599.0,20190608,340.0,20200704,186.0,228.42857142857142,0.07629768605378362,0.9237023139462164,0.766729205753596,0.0,0.233270794246404,0.0,1.0,886.0,221.5,4,5,122.0,764.0,SALE,177.2,0.13769751693002258,0.8623024830699775,339.0,272.25,186.0,
240,1033881,20181208,20200921,20200725,1920.0,320.0,391.0,391.0,6,14,346.0,1574.0,MIXED,0.0,1920.0,0.0,368.0,1552.0,20181208,391.0,20200711,208.0,137.14285714285714,0.18020833333333333,0.8197916666666667,0.0,1.0,0.0,0.19166666666666668,0.8083333333333333,1529.0,305.8,5,12,346.0,1183.0,MIXED,127.41666666666667,0.2262916939175932,0.7737083060824068,910.0,4736.88888888889,208.0,
241,1034018,20190907,20200921,20200919,511.0,255.5,296.0,296.0,2,3,0.0,511.0,SALE,511.0,0.0,0.0,296.0,215.0,20191116,296.0,20200104,215.0,170.33333333333334,0.0,1.0,1.0,0.0,0.0,0.5792563600782779,0.4207436399217221,511.0,255.5,2,3,0.0,511.0,SALE,170.33333333333334,0.0,1.0,0.0,,0.0,
242,1034155,20181222,20200921,20200516,548.0,274.0,329.0,329.0,2,2,0.0,548.0,SALE,219.0,329.0,0.0,0.0,548.0,20190223,329.0,20190316,219.0,274.0,0.0,1.0,0.39963503649635035,0.6003649635036497,0.0,0.0,1.0,0.0,0.0,0,0,0.0,0.0,UNKNOWN,0.0,0.0,0.0,0.0,,0.0,
243,1034292,20180929,20200921,20200822,695.0,347.5,377.0,377.0,2,4,377.0,318.0,FULL PRICE,330.0,365.0,0.0,0.0,695.0,20190727,318.0,20200627,377.0,173.75,0.5424460431654676,0.45755395683453237,0.4748201438848921,0.5251798561151079,0.0,0.0,1.0,377.0,377.0,1,2,377.0,0.0,FULL PRICE,188.5,1.0,0.0,377.0,0.0,377.0,
244,1034429,20181215,20200921,20200808,2025.0,337.5,467.0,467.0,6,18,921.0,1104.0,MIXED,1982.0,43.0,0.0,0.0,2025.0,20190330,308.0,20200711,320.0,112.5,0.45481481481481484,0.5451851851851852,0.9787654320987654,0.02123456790123457,0.0,0.0,1.0,1441.0,360.25,4,10,667.0,774.0,MIXED,144.1,0.4628730048577377,0.5371269951422624,580.0,900.0,320.0,
245,1034566,20181013,20200921,20200815,2111.0,351.8333333333333,408.0,408.0,6,10,117.0,1994.0,SALE,1509.0,602.0,0.0,379.0,1732.0,20181013,408.0,20200718,379.0,211.1,0.05542396968261488,0.9445760303173851,0.7148270961629559,0.2851729038370441,0.0,0.17953576504026528,0.8204642349597348,736.0,368.0,2,3,0.0,736.0,SALE,245.33333333333334,0.0,1.0,379.0,0.0,379.0,
246,1034703,20181110,20200921,20200912,655.0,327.5,350.0,350.0,2,2,0.0,655.0,SALE,305.0,350.0,0.0,0.0,655.0,20181208,305.0,20200829,350.0,327.5,0.0,1.0,0.46564885496183206,0.5343511450381679,0.0,0.0,1.0,350.0,350.0,1,1,0.0,350.0,SALE,350.0,0.0,1.0,350.0,0.0,350.0,
247,1034840,20190112,20200921,20200613,1049.0,262.25,415.0,415.0,4,7,135.0,914.0,SALE,855.0,194.0,0.0,0.0,1049.0,20190223,180.0,20191012,415.0,149.85714285714286,0.12869399428026693,0.871306005719733,0.8150619637750238,0.18493803622497618,0.0,0.0,1.0,415.0,415.0,1,1,0.0,415.0,SALE,415.0,0.0,1.0,0.0,,0.0,
248,1034977,20180922,20200921,20200509,1012.0,253.0,281.0,281.0,4,10,124.0,888.0,SALE,889.0,123.0,0.0,0.0,1012.0,20180922,261.0,20200509,281.0,101.2,0.1225296442687747,0.8774703557312253,0.8784584980237155,0.12154150197628459,0.0,0.0,1.0,281.0,281.0,1,5,1.0,280.0,SALE,56.2,0.0035587188612099642,0.99644128113879,281.0,0.0,0.0,
249,1035114,20180922,20200921,20200919,1994.0,332.3333333333333,506.0,506.0,6,12,723.0,1271.0,SALE,1895.0,45.0,54.0,0.0,1994.0,20180922,327.0,20200725,235.0,166.16666666666666,0.36258776328986964,0.6374122367101304,0.9503510531594784,0.022567703109327986,0.02708124373119358,0.0,1.0,996.0,332.0,3,8,217.0,779.0,SALE,124.5,0.2178714859437751,0.7821285140562249,996.0,9352.666666666666,235.0,
250,1035251,20180922,20200921,20200523,2045.0,340.8333333333333,485.0,485.0,6,8,729.0,1316.0,SALE,285.0,1262.0,498.0,280.0,1765.0,20181215,379.0,20200125,280.0,255.625,0.356479217603912,0.643520782396088,0.1393643031784841,0.6171149144254279,0.24352078239608801,0.13691931540342298,0.863080684596577,280.0,280.0,1,1,0.0,280.0,SALE,280.0,0.0,1.0,0.0,,0.0,
251,1035388,20190223,20200921,20200627,1083.0,270.75,378.0,378.0,4,5,624.0,459.0,SALE,953.0,130.0,0.0,378.0,705.0,20190427,378.0,20190928,203.0,216.6,0.5761772853185596,0.42382271468144045,0.8799630655586335,0.12003693444136658,0.0,0.3490304709141274,0.6509695290858726,203.0,203.0,1,1,0.0,203.0,SALE,203.0,0.0,1.0,0.0,,0.0,
252,1035525,20181027,20200921,20200822,1649.0,274.8333333333333,359.0,359.0,6,10,214.0,1435.0,MIXED,0.0,1399.0,250.0,0.0,1649.0,20181110,314.0,20200725,183.0,164.9,0.12977562158884173,0.8702243784111583,0.0,0.8483929654335961,0.15160703456640387,0.0,1.0,723.0,241.0,3,3,183.0,540.0,MIXED,241.0,0.25311203319502074,0.7468879668049793,723.0,1948.6666666666667,473.0,
253,1035662,20181117,20200921,20200905,4226.0,422.6,539.0,539.0,10,13,2847.0,1379.0,SALE,438.0,3020.0,768.0,518.0,3708.0,20181201,426.0,20200822,493.0,325.0769230769231,0.6736867013724562,0.32631329862754377,0.10364410790345481,0.7146237576904875,0.18173213440605773,0.12257453857075248,0.8774254614292475,2458.0,409.6666666666667,6,8,1535.0,923.0,SALE,307.25,0.6244914564686738,0.3755085435313263,1592.0,5089.5,861.0,
254,1035799,20190302,20200921,20200404,837.0,418.5,461.0,461.0,2,4,0.0,837.0,SALE,461.0,0.0,376.0,0.0,837.0,20190504,461.0,20200111,376.0,209.25,0.0,1.0,0.5507765830346476,0.0,0.44922341696535245,0.0,1.0,376.0,376.0,1,3,0.0,376.0,SALE,125.33333333333333,0.0,1.0,0.0,,0.0,
255,1035936,20181208,20200921,20200912,1038.0,259.5,326.0,326.0,4,4,570.0,468.0,MIXED,1038.0,0.0,0.0,0.0,1038.0,20190119,244.0,20200912,281.0,259.5,0.5491329479768786,0.4508670520231214,1.0,0.0,0.0,0.0,1.0,281.0,281.0,1,1,0.0,281.0,SALE,281.0,0.0,1.0,281.0,0.0,281.0,
256,1036073,20180922,20200921,20200829,1784.0,297.3333333333333,477.0,477.0,6,12,305.0,1479.0,SALE,1710.0,0.0,74.0,278.0,1506.0,20181117,216.0,20200822,322.0,148.66666666666666,0.1709641255605381,0.8290358744394619,0.9585201793721974,0.0,0.04147982062780269,0.15582959641255606,0.844170403587444,1044.0,348.0,3,6,89.0,955.0,SALE,174.0,0.08524904214559387,0.9147509578544061,322.0,0.0,322.0,
257,1036210,20180929,20200921,20200912,4489.0,374.0833333333333,673.0,673.0,12,20,2576.0,1913.0,MIXED,1429.0,2414.0,646.0,0.0,4489.0,20190105,185.0,20200912,295.0,224.45,0.5738471820004455,0.42615281799955446,0.318333704611272,0.5377589663622188,0.14390732902650924,0.0,1.0,2284.0,380.6666666666667,6,8,861.0,1423.0,MIXED,285.5,0.37697022767075306,0.623029772329247,1092.0,52614.0,295.0,
258,1036347,20181215,20200921,20200704,1530.0,382.5,450.0,450.0,4,5,1342.0,188.0,FULL PRICE,1268.0,0.0,262.0,0.0,1530.0,20181229,354.0,20200418,325.0,306.0,0.8771241830065359,0.12287581699346405,0.8287581699346406,0.0,0.17124183006535948,0.0,1.0,325.0,325.0,1,1,325.0,0.0,FULL PRICE,325.0,1.0,0.0,325.0,0.0,0.0,
259,1036484,20181006,20200921,20190706,1018.0,254.5,367.0,367.0,4,4,0.0,1018.0,SALE,592.0,426.0,0.0,0.0,1018.0,20181020,196.0,20190518,225.0,254.5,0.0,1.0,0.581532416502947,0.41846758349705304,0.0,0.0,1.0,0.0,0.0,0,0,0.0,0.0,UNKNOWN,0.0,0.0,0.0,0.0,,0.0,
260,1036621,20190302,20200921,20200808,960.0,240.0,292.0,292.0,4,5,901.0,59.0,FULL PRICE,901.0,0.0,59.0,0.0,960.0,20190511,240.0,20200502,292.0,192.0,0.9385416666666667,0.06145833333333333,0.9385416666666667,0.0,0.06145833333333333,0.0,1.0,720.0,240.0,3,4,661.0,59.0,FULL PRICE,180.0,0.9180555555555555,0.08194444444444444,292.0,0.0,0.0,
261,1036758,20181020,20200921,20200718,743.0,371.5,417.0,417.0,2,3,674.0,69.0,FULL PRICE,743.0,0.0,0.0,0.0,743.0,20181229,417.0,20190615,326.0,247.66666666666666,0.9071332436069987,0.09286675639300135,1.0,0.0,0.0,0.0,1.0,0.0,0.0,0,0,0.0,0.0,UNKNOWN,0.0,0.0,0.0,0.0,,0.0,
262,1036895,20180929,20200921,20200718,1296.0,324.0,411.0,411.0,4,5,333.0,963.0,SALE,1009.0,0.0,287.0,333.0,963.0,20180929,265.0,20200704,411.0,259.2,0.2569444444444444,0.7430555555555556,0.7785493827160493,0.0,0.22145061728395063,0.2569444444444444,0.7430555555555556,411.0,411.0,1,2,0.0,411.0,SALE,205.5,0.0,1.0,411.0,0.0,411.0,
263,1037032,20181020,20200921,20191221,691.0,345.5,447.0,447.0,2,4,81.0,610.0,SALE,81.0,506.0,104.0,0.0,691.0,20181124,244.0,20191102,447.0,172.75,0.11722141823444283,0.8827785817655571,0.11722141823444283,0.7322720694645442,0.15050651230101303,0.0,1.0,447.0,447.0,1,1,0.0,447.0,SALE,447.0,0.0,1.0,0.0,,0.0,
264,1037169,20181201,20200921,20200905,2376.0,396.0,598.0,598.0,6,10,2376.0,0.0,FULL PRICE,598.0,1079.0,699.0,320.0,2056.0,20181215,598.0,20200815,337.0,237.6,1.0,0.0,0.2516835016835017,0.4541245791245791,0.29419191919191917,0.13468013468013468,0.8653198653198653,1458.0,364.5,4,7,1458.0,0.0,FULL PRICE,208.28571428571428,1.0,0.0,699.0,156.25,699.0,
265,1037306,20181006,20200921,20200912,2082.0,347.0,404.0,404.0,6,9,380.0,1702.0,SALE,1163.0,341.0,578.0,0.0,2082.0,20181103,372.0,20200829,404.0,231.33333333333334,0.18251681075888568,0.8174831892411143,0.5585975024015369,0.1637848222862632,0.27761767531219983,0.0,1.0,1137.0,379.0,3,5,357.0,780.0,SALE,227.4,0.31398416886543534,0.6860158311345647,780.0,196.0,404.0,
266,1037443,20181110,20200921,20200905,1290.0,322.5,385.0,385.0,4,4,752.0,538.0,MIXED,367.0,923.0,0.0,0.0,1290.0,20190406,367.0,20200104,226.0,322.5,0.5829457364341085,0.4170542635658915,0.28449612403100777,0.7155038759689922,0.0,0.0,1.0,226.0,226.0,1,1,0.0,226.0,SALE,226.0,0.0,1.0,0.0,,0.0,
267,1037580,20190622,20200921,20200829,441.0,220.5,241.0,241.0,2,3,200.0,241.0,SALE,200.0,241.0,0.0,0.0,441.0,20190622,200.0,20200502,241.0,147.0,0.45351473922902497,0.546485260770975,0.45351473922902497,0.546485260770975,0.0,0.0,1.0,241.0,241.0,1,2,0.0,241.0,SALE,120.5,0.0,1.0,241.0,0.0,0.0,
268,1037717,20181013,20200921,20200822,1837.0,306.1666666666667,394.0,394.0,6,14,712.0,1125.0,MIXED,352.0,1460.0,25.0,0.0,1837.0,20181208,352.0,20200627,293.0,131.21428571428572,0.38758845944474685,0.6124115405552532,0.19161676646706588,0.7947740881872618,0.013609145345672292,0.0,1.0,1225.0,306.25,4,12,360.0,865.0,MIXED,102.08333333333333,0.2938775510204082,0.7061224489795919,926.0,4126.88888888889,293.0,
269,1037854,20181103,20200921,20200822,2593.0,432.1666666666667,552.0,552.0,6,8,1681.0,912.0,FULL PRICE,2046.0,0.0,547.0,0.0,2593.0,20190202,333.0,20200815,523.0,324.125,0.6482838411106826,0.3517161588893174,0.7890474354030081,0.0,0.2109525645969919,0.0,1.0,1531.0,510.3333333333333,3,5,619.0,912.0,FULL PRICE,306.2,0.40431090790333113,0.5956890920966689,1070.0,144.0,1070.0,
270,1037991,20190601,20200921,20200912,825.0,412.5,545.0,545.0,2,2,545.0,280.0,MIXED,825.0,0.0,0.0,0.0,825.0,20200523,545.0,20200912,280.0,412.5,0.6606060606060606,0.3393939393939394,1.0,0.0,0.0,0.0,1.0,825.0,412.5,2,2,545.0,280.0,MIXED,412.5,0.6606060606060606,0.3393939393939394,825.0,17556.25,280.0,
271,1038128,20181117,20200921,20200815,1119.0,279.75,413.0,413.0,4,10,556.0,563.0,MIXED,713.0,15.0,391.0,0.0,1119.0,20181117,163.0,20200801,413.0,111.9,0.4968722073279714,0.5031277926720286,0.6371760500446828,0.013404825737265416,0.3494191242180518,0.0,1.0,413.0,413.0,1,1,413.0,0.0,FULL PRICE,413.0,1.0,0.0,413.0,0.0,413.0,
272,1038265,20181013,20200921,20200118,726.0,363.0,407.0,407.0,2,3,0.0,726.0,SALE,726.0,0.0,0.0,0.0,726.0,20181124,319.0,20191012,407.0,242.0,0.0,1.0,1.0,0.0,0.0,0.0,1.0,407.0,407.0,1,2,0.0,407.0,SALE,203.5,0.0,1.0,0.0,,0.0,
273,1038402,20181229,20200921,20200912,1084.0,271.0,342.0,342.0,4,6,241.0,843.0,MIXED,1084.0,0.0,0.0,342.0,742.0,20190525,177.0,20200905,281.0,180.66666666666666,0.22232472324723246,0.7776752767527675,1.0,0.0,0.0,0.3154981549815498,0.6845018450184502,565.0,282.5,2,3,241.0,324.0,MIXED,188.33333333333334,0.4265486725663717,0.5734513274336284,565.0,2.25,565.0,
274,1038539,20181006,20200921,20200606,2130.0,355.0,447.0,447.0,6,8,371.0,1759.0,SALE,1759.0,0.0,371.0,0.0,2130.0,20181006,371.0,20200215,305.0,266.25,0.17417840375586854,0.8258215962441314,0.8258215962441314,0.0,0.17417840375586854,0.0,1.0,603.0,301.5,2,2,0.0,603.0,SALE,301.5,0.0,1.0,0.0,,0.0,
275,1038676,20180922,20200921,20200912,1900.0,316.6666666666667,505.0,505.0,6,10,468.0,1432.0,SALE,1701.0,0.0,199.0,0.0,1900.0,20181013,189.0,20200822,229.0,190.0,0.2463157894736842,0.7536842105263157,0.8952631578947369,0.0,0.10473684210526316,0.0,1.0,1147.0,382.3333333333333,3,6,468.0,679.0,SALE,191.16666666666666,0.4080209241499564,0.5919790758500436,642.0,8464.0,642.0,
276,1038813,20181229,20200921,20200118,1436.0,359.0,526.0,526.0,4,5,526.0,910.0,SALE,1436.0,0.0,0.0,220.0,1216.0,20190209,320.0,20200118,220.0,287.2,0.36629526462395545,0.6337047353760445,1.0,0.0,0.0,0.1532033426183844,0.8467966573816156,220.0,220.0,1,1,0.0,220.0,SALE,220.0,0.0,1.0,0.0,,0.0,
277,1038950,20181006,20200921,20200418,885.0,442.5,531.0,531.0,2,2,0.0,885.0,SALE,354.0,531.0,0.0,0.0,885.0,20181006,531.0,20190119,354.0,442.5,0.0,1.0,0.4,0.6,0.0,0.0,1.0,0.0,0.0,0,0,0.0,0.0,UNKNOWN,0.0,0.0,0.0,0.0,,0.0,
278,1039087,20181013,20200921,20200725,8001.0,571.5,808.0,808.0,14,19,5112.0,2889.0,MIXED,3597.0,4213.0,191.0,570.0,7431.0,20181020,613.0,20200725,735.0,421.10526315789474,0.6389201349831272,0.3610798650168729,0.44956880389951254,0.5265591801024871,0.02387201599800025,0.0712410948631421,0.9287589051368579,3827.0,546.7142857142857,7,7,2339.0,1488.0,MIXED,546.7142857142857,0.6111836948001045,0.38881630519989546,1856.0,6826.888888888888,1286.0,
279,1039224,20180929,20200921,20200822,4680.0,390.0,652.0,652.0,12,21,3345.0,1335.0,MIXED,3572.0,261.0,847.0,414.0,4266.0,20181020,406.0,20200229,406.0,222.85714285714286,0.7147435897435898,0.28525641025641024,0.7632478632478632,0.05576923076923077,0.18098290598290598,0.08846153846153847,0.9115384615384615,1149.0,383.0,3,7,801.0,348.0,MIXED,164.14285714285714,0.6971279373368147,0.3028720626631854,0.0,,0.0,
280,1039361,20181117,20200921,20200627,1370.0,342.5,379.0,379.0,4,5,379.0,991.0,SALE,637.0,354.0,379.0,0.0,1370.0,20181222,285.0,20200125,352.0,274.0,0.27664233576642333,0.7233576642335766,0.464963503649635,0.2583941605839416,0.27664233576642333,0.0,1.0,1085.0,361.6666666666667,3,4,379.0,706.0,SALE,271.25,0.3493087557603687,0.6506912442396313,0.0,,0.0,
281,1039498,20180922,20200921,20200815,1090.0,272.5,382.0,382.0,4,8,312.0,778.0,SALE,327.0,708.0,55.0,0.0,1090.0,20180922,243.0,20200711,382.0,136.25,0.28623853211009176,0.7137614678899082,0.3,0.6495412844036698,0.05045871559633028,0.0,1.0,847.0,282.3333333333333,3,6,312.0,535.0,SALE,141.16666666666666,0.36835891381345925,0.6316410861865407,847.0,7326.88888888889,382.0,
282,1039635,20181110,20200921,20200314,1312.0,328.0,451.0,451.0,4,8,0.0,1312.0,SALE,1312.0,0.0,0.0,0.0,1312.0,20190126,348.0,20200314,284.0,164.0,0.0,1.0,1.0,0.0,0.0,0.0,1.0,284.0,284.0,1,1,0.0,284.0,SALE,284.0,0.0,1.0,0.0,,0.0,
283,1039772,20190202,20200921,20200912,1183.0,295.75,417.0,417.0,4,8,575.0,608.0,FULL PRICE,787.0,331.0,65.0,0.0,1183.0,20190525,417.0,20200912,277.0,147.875,0.48605240912933223,0.5139475908706678,0.665257819103973,0.2797971259509721,0.054945054945054944,0.0,1.0,766.0,255.33333333333334,3,5,575.0,191.0,FULL PRICE,153.2,0.7506527415143603,0.24934725848563968,508.0,529.0,277.0,
284,1039909,20181208,20200921,20200725,2008.0,334.6666666666667,502.0,502.0,6,10,1038.0,970.0,MIXED,1187.0,578.0,243.0,0.0,2008.0,20181229,502.0,20200502,317.0,200.8,0.5169322709163346,0.48306772908366535,0.5911354581673307,0.28784860557768926,0.12101593625498008,0.0,1.0,828.0,276.0,3,5,536.0,292.0,MIXED,165.6,0.6473429951690821,0.3526570048309179,616.0,81.0,0.0,
285,1040046,20181020,20200921,20200829,664.0,332.0,352.0,352.0,2,3,0.0,664.0,SALE,312.0,352.0,0.0,0.0,664.0,20190413,312.0,20200829,352.0,221.33333333333334,0.0,1.0,0.46987951807228917,0.5301204819277109,0.0,0.0,1.0,352.0,352.0,1,1,0.0,352.0,SALE,352.0,0.0,1.0,352.0,0.0,352.0,
286,1040183,20190511,20200921,20200509,1982.0,330.3333333333333,427.0,427.0,6,7,767.0,1215.0,MIXED,0.0,1204.0,778.0,351.0,1631.0,20190810,345.0,20200509,351.0,283.14285714285717,0.38698284561049445,0.6130171543895055,0.0,0.6074672048435923,0.39253279515640765,0.17709384460141273,0.8229061553985872,1210.0,302.5,4,5,767.0,443.0,MIXED,242.0,0.6338842975206611,0.36611570247933883,351.0,0.0,0.0,
287,1040320,20190209,20200921,20200704,2739.0,456.5,549.0,549.0,6,12,2233.0,506.0,FULL PRICE,1947.0,790.0,2.0,442.0,2297.0,20190525,549.0,20200606,394.0,228.25,0.8152610441767069,0.18473895582329317,0.7108433734939759,0.28842643300474624,0.0007301935012778386,0.16137276378240234,0.8386272362175977,1712.0,428.0,4,6,1207.0,505.0,FULL PRICE,285.3333333333333,0.7050233644859814,0.2949766355140187,394.0,0.0,0.0,
288,1040457,20181027,20200921,20200822,2033.0,338.8333333333333,425.0,425.0,6,12,472.0,1561.0,SALE,1820.0,1.0,212.0,287.0,1746.0,20181124,287.0,20191228,338.0,169.41666666666666,0.2321692080668962,0.7678307919331038,0.8952287260206592,0.0004918839153959665,0.1042793900639449,0.1411706837186424,0.8588293162813576,1076.0,358.6666666666667,3,5,67.0,1009.0,SALE,215.2,0.062267657992565055,0.9377323420074349,0.0,,0.0,
289,1040594,20180922,20200921,20200801,1694.0,282.3333333333333,436.0,436.0,6,7,422.0,1272.0,FULL PRICE,386.0,1308.0,0.0,0.0,1694.0,20180922,293.0,20200620,320.0,242.0,0.24911452184179456,0.7508854781582054,0.22786304604486424,0.7721369539551358,0.0,0.0,1.0,628.0,314.0,2,2,320.0,308.0,MIXED,314.0,0.5095541401273885,0.49044585987261147,320.0,0.0,0.0,
290,1040731,20181201,20200921,20200912,1815.0,302.5,427.0,427.0,6,6,926.0,889.0,MIXED,1301.0,0.0,514.0,0.0,1815.0,20190427,304.0,20200627,296.0,302.5,0.5101928374655648,0.48980716253443524,0.7168044077134986,0.0,0.2831955922865014,0.0,1.0,1049.0,349.6666666666667,3,3,622.0,427.0,FULL PRICE,349.6666666666667,0.5929456625357483,0.4070543374642517,296.0,0.0,296.0,
291,1040868,20181110,20200921,20200801,2052.0,342.0,428.0,428.0,6,6,1803.0,249.0,FULL PRICE,0.0,1669.0,383.0,386.0,1666.0,20181110,405.0,20200711,201.0,342.0,0.8786549707602339,0.12134502923976608,0.0,0.8133528265107213,0.18664717348927876,0.1881091617933723,0.8118908382066277,1647.0,329.4,5,5,1398.0,249.0,FULL PRICE,329.4,0.848816029143898,0.151183970856102,878.0,9541.555555555557,201.0,
292,1041005,20180922,20200921,20200801,674.0,337.0,398.0,398.0,2,5,105.0,569.0,SALE,674.0,0.0,0.0,398.0,276.0,20181006,276.0,20190803,398.0,134.8,0.15578635014836795,0.844213649851632,1.0,0.0,0.0,0.5905044510385756,0.4094955489614243,0.0,0.0,0,0,0.0,0.0,UNKNOWN,0.0,0.0,0.0,0.0,,0.0,
293,1041142,20191019,20200921,20200613,1065.0,266.25,338.0,338.0,4,4,727.0,338.0,FULL PRICE,0.0,1065.0,0.0,0.0,1065.0,20200104,298.0,20200523,198.0,266.25,0.6826291079812207,0.3173708920187793,0.0,1.0,0.0,0.0,1.0,1065.0,266.25,4,4,727.0,338.0,FULL PRICE,266.25,0.6826291079812207,0.3173708920187793,767.0,3570.888888888889,0.0,
294,1041279,20190518,20200921,20200815,869.0,434.5,572.0,572.0,2,4,0.0,869.0,SALE,6.0,863.0,0.0,0.0,869.0,20200229,572.0,20200808,297.0,217.25,0.0,1.0,0.006904487917146145,0.9930955120828538,0.0,0.0,1.0,869.0,434.5,2,4,0.0,869.0,SALE,217.25,0.0,1.0,297.0,0.0,297.0,
295,1041416,20181027,20200921,20200905,3677.0,459.625,628.0,628.0,8,15,1752.0,1925.0,SALE,3635.0,42.0,0.0,0.0,3677.0,20181117,359.0,20200905,502.0,245.13333333333333,0.47647538754419366,0.5235246124558064,0.988577644819146,0.011422355180853957,0.0,0.0,1.0,1543.0,514.3333333333334,3,4,0.0,1543.0,SALE,385.75,0.0,1.0,1543.0,7780.222222222223,502.0,
296,1041553,20181215,20200921,20200627,1624.0,270.6666666666667,337.0,337.0,6,9,766.0,858.0,SALE,526.0,1098.0,0.0,0.0,1624.0,20181222,337.0,20200328,190.0,180.44444444444446,0.47167487684729065,0.5283251231527094,0.32389162561576357,0.6761083743842364,0.0,0.0,1.0,704.0,234.66666666666666,3,4,290.0,414.0,SALE,176.0,0.4119318181818182,0.5880681818181818,190.0,0.0,0.0,
297,1041690,20181222,20200921,20200829,671.0,335.5,364.0,364.0,2,3,79.0,592.0,MIXED,364.0,79.0,228.0,0.0,671.0,20190119,364.0,20190413,307.0,223.66666666666666,0.11773472429210134,0.8822652757078987,0.5424739195230999,0.11773472429210134,0.33979135618479883,0.0,1.0,0.0,0.0,0,0,0.0,0.0,UNKNOWN,0.0,0.0,0.0,0.0,,0.0,
298,1041827,20190223,20200921,20200808,697.0,348.5,398.0,398.0,2,6,223.0,474.0,SALE,266.0,431.0,0.0,0.0,697.0,20190803,299.0,20200201,398.0,116.16666666666667,0.3199426111908178,0.6800573888091822,0.381635581061693,0.6183644189383071,0.0,0.0,1.0,398.0,398.0,1,3,0.0,398.0,SALE,132.66666666666666,0.0,1.0,0.0,,0.0,
299,1041964,20181020,20200921,20200919,1672.0,278.6666666666667,373.0,373.0,6,10,174.0,1498.0,SALE,174.0,1443.0,55.0,0.0,1672.0,20181020,285.0,20200822,275.0,167.2,0.10406698564593302,0.895933014354067,0.10406698564593302,0.8630382775119617,0.03289473684210526,0.0,1.0,864.0,288.0,3,4,0.0,864.0,SALE,216.0,0.0,1.0,648.0,2401.0,648.0,
300,1042101,20181020,20200921,20200425,653.0,326.5,353.0,353.0,2,3,300.0,353.0,SALE,653.0,0.0,0.0,0.0,653.0,20181229,300.0,20190420,353.0,217.66666666666666,0.45941807044410415,0.5405819295558959,1.0,0.0,0.0,0.0,1.0,0.0,0.0,0,0,0.0,0.0,UNKNOWN,0.0,0.0,0.0,0.0,,0.0,
301,1042238,20181215,20200921,20200801,1482.0,370.5,424.0,424.0,4,10,0.0,1482.0,SALE,370.0,1096.0,16.0,0.0,1482.0,20190406,384.0,20200229,304.0,148.2,0.0,1.0,0.2496626180836707,0.7395411605937922,0.010796221322537112,0.0,1.0,304.0,304.0,1,3,0.0,304.0,SALE,101.33333333333333,0.0,1.0,0.0,,0.0,
302,1042375,20190202,20200921,20200919,3838.0,479.75,617.0,617.0,8,12,2586.0,1252.0,FULL PRICE,889.0,2454.0,495.0,375.0,3463.0,20190330,309.0,20200912,617.0,319.8333333333333,0.6737884314747264,0.32621156852527355,0.23163105784262636,0.6393955184992184,0.12897342365815528,0.09770713913496613,0.9022928608650339,2667.0,533.4,5,8,1415.0,1252.0,FULL PRICE,333.375,0.5305586801649794,0.46944131983502063,2145.0,2341.6875,2145.0,
303,1042512,20190112,20200921,20200919,1086.0,271.5,338.0,338.0,4,6,40.0,1046.0,SALE,553.0,495.0,38.0,0.0,1086.0,20190119,197.0,20200523,336.0,181.0,0.03683241252302026,0.9631675874769797,0.509208103130755,0.4558011049723757,0.034990791896869246,0.0,1.0,889.0,296.3333333333333,3,4,40.0,849.0,SALE,222.25,0.04499437570303712,0.9550056242969629,551.0,3660.25,0.0,
304,1042649,20180929,20200921,20200905,1624.0,270.6666666666667,402.0,402.0,6,10,789.0,835.0,SALE,1189.0,33.0,402.0,0.0,1624.0,20181006,314.0,20200725,188.0,162.4,0.4858374384236453,0.5141625615763546,0.7321428571428571,0.020320197044334975,0.24753694581280788,0.0,1.0,188.0,188.0,1,3,89.0,99.0,SALE,62.666666666666664,0.4734042553191489,0.526595744680851,188.0,0.0,188.0,
305,1042786,20181103,20200921,20200502,1099.0,274.75,293.0,293.0,4,9,335.0,764.0,SALE,950.0,0.0,149.0,0.0,1099.0,20181117,273.0,20200425,245.0,122.11111111111111,0.30482256596906276,0.6951774340309372,0.8644222020018199,0.0,0.13557779799818018,0.0,1.0,245.0,245.0,1,2,0.0,245.0,SALE,122.5,0.0,1.0,245.0,0.0,0.0,
306,1042923,20180922,20200921,20200905,1258.0,314.5,389.0,389.0,4,5,229.0,1029.0,SALE,950.0,0.0,308.0,0.0,1258.0,20181020,249.0,20200808,308.0,251.6,0.1820349761526232,0.8179650238473768,0.7551669316375199,0.0,0.24483306836248012,0.0,1.0,620.0,310.0,2,3,229.0,391.0,SALE,206.66666666666666,0.36935483870967745,0.6306451612903226,308.0,0.0,308.0,
307,1043060,20180929,20200921,20200208,1624.0,406.0,471.0,471.0,4,6,931.0,693.0,FULL PRICE,53.0,1128.0,443.0,0.0,1624.0,20181110,443.0,20191123,471.0,270.6666666666667,0.5732758620689655,0.4267241379310345,0.03263546798029557,0.6945812807881774,0.2727832512315271,0.0,1.0,471.0,471.0,1,2,53.0,418.0,MIXED,235.5,0.11252653927813164,0.8874734607218684,0.0,,0.0,
308,1043197,20181201,20200921,20200919,1995.0,332.5,452.0,452.0,6,9,566.0,1429.0,FULL PRICE,221.0,1414.0,360.0,0.0,1995.0,20181215,376.0,20200912,452.0,221.66666666666666,0.2837092731829574,0.7162907268170426,0.11077694235588972,0.7087719298245614,0.18045112781954886,0.0,1.0,1288.0,322.0,4,7,566.0,722.0,FULL PRICE,184.0,0.4394409937888199,0.5605590062111802,649.0,16256.25,452.0,
309,1043334,20180922,20200921,20200328,1850.0,308.3333333333333,355.0,355.0,6,10,1192.0,658.0,MIXED,1229.0,606.0,15.0,0.0,1850.0,20181006,285.0,20200229,317.0,185.0,0.6443243243243243,0.35567567567567565,0.6643243243243243,0.32756756756756755,0.008108108108108109,0.0,1.0,1296.0,324.0,4,7,638.0,658.0,MIXED,185.14285714285714,0.49228395061728397,0.5077160493827161,0.0,,0.0,
310,1043471,20190119,20200921,20200523,644.0,322.0,373.0,373.0,2,5,373.0,271.0,SALE,152.0,492.0,0.0,0.0,644.0,20190914,373.0,20200411,271.0,128.8,0.5791925465838509,0.42080745341614906,0.2360248447204969,0.7639751552795031,0.0,0.0,1.0,271.0,271.0,1,4,0.0,271.0,SALE,67.75,0.0,1.0,271.0,0.0,0.0,
311,1043608,20180922,20200921,20200425,4203.0,420.3,561.0,561.0,10,10,2934.0,1269.0,MIXED,3674.0,529.0,0.0,1074.0,3129.0,20180922,431.0,20200229,465.0,420.3,0.6980728051391863,0.3019271948608137,0.874137520818463,0.125862479181537,0.0,0.25553176302640973,0.7444682369735903,1395.0,465.0,3,3,465.0,930.0,MIXED,465.0,0.3333333333333333,0.6666666666666666,0.0,,0.0,
312,1043745,20190119,20200921,20200516,1927.0,321.1666666666667,375.0,375.0,6,12,133.0,1794.0,SALE,203.0,1724.0,0.0,0.0,1927.0,20190323,318.0,20200425,363.0,160.58333333333334,0.06901920083030617,0.9309807991696938,0.10534509600415153,0.8946549039958485,0.0,0.0,1.0,1051.0,350.3333333333333,3,8,133.0,918.0,SALE,131.375,0.12654614652711704,0.873453853472883,363.0,0.0,0.0,
313,1043882,20180929,20200921,20200613,1811.0,301.8333333333333,441.0,441.0,6,6,1056.0,755.0,FULL PRICE,0.0,1578.0,233.0,0.0,1811.0,20181215,233.0,20200411,308.0,301.8333333333333,0.5831032578685809,0.4168967421314191,0.0,0.8713418001104363,0.12865819988956378,0.0,1.0,615.0,307.5,2,2,615.0,0.0,FULL PRICE,307.5,1.0,0.0,308.0,0.0,0.0,
314,1044019,20180929,20200921,20200613,594.0,297.0,336.0,336.0,2,2,0.0,594.0,SALE,594.0,0.0,0.0,0.0,594.0,20191026,258.0,20200425,336.0,297.0,0.0,1.0,1.0,0.0,0.0,0.0,1.0,594.0,297.0,2,2,0.0,594.0,SALE,297.0,0.0,1.0,336.0,0.0,0.0,
315,1044156,20181124,20200921,20200328,743.0,371.5,420.0,420.0,2,4,0.0,743.0,SALE,691.0,31.0,21.0,0.0,743.0,20190921,420.0,20200222,323.0,185.75,0.0,1.0,0.9300134589502019,0.04172274562584118,0.02826379542395693,0.0,1.0,323.0,323.0,1,3,0.0,323.0,SALE,107.66666666666667,0.0,1.0,0.0,,0.0,
316,1044293,20181020,20200921,20200718,2177.0,362.8333333333333,449.0,449.0,6,10,133.0,2044.0,SALE,2177.0,0.0,0.0,0.0,2177.0,20181110,339.0,20200704,449.0,217.7,0.06109324758842444,0.9389067524115756,1.0,0.0,0.0,0.0,1.0,996.0,332.0,3,3,0.0,996.0,SALE,332.0,0.0,1.0,663.0,13806.25,449.0,
317,1044430,20180929,20200921,20200523,1755.0,292.5,467.0,467.0,6,11,629.0,1126.0,MIXED,1584.0,171.0,0.0,0.0,1755.0,20180929,293.0,20200404,302.0,159.54545454545453,0.3584045584045584,0.6415954415954416,0.9025641025641026,0.09743589743589744,0.0,0.0,1.0,709.0,236.33333333333334,3,5,298.0,411.0,MIXED,141.8,0.4203102961918195,0.5796897038081805,302.0,0.0,0.0,
318,1044567,20180929,20200921,20200801,1815.0,302.5,380.0,380.0,6,10,255.0,1560.0,SALE,1258.0,238.0,319.0,0.0,1815.0,20181229,380.0,20200725,319.0,181.5,0.14049586776859505,0.859504132231405,0.6931129476584023,0.13112947658402205,0.17575757575757575,0.0,1.0,898.0,299.3333333333333,3,5,0.0,898.0,SALE,179.6,0.0,1.0,660.0,121.0,319.0,
319,1044704,20180929,20200921,20200801,1876.0,312.6666666666667,488.0,488.0,6,9,731.0,1145.0,SALE,249.0,1268.0,359.0,0.0,1876.0,20181006,250.0,20200530,352.0,208.44444444444446,0.3896588486140725,0.6103411513859275,0.13272921108742003,0.67590618336887,0.19136460554371001,0.0,1.0,1072.0,357.3333333333333,3,5,232.0,840.0,SALE,214.4,0.21641791044776118,0.7835820895522388,352.0,0.0,0.0,
320,1044841,20181027,20200921,20191221,727.0,363.5,367.0,367.0,2,3,0.0,727.0,SALE,0.0,727.0,0.0,0.0,727.0,20190302,367.0,20190330,360.0,242.33333333333334,0.0,1.0,0.0,1.0,0.0,0.0,1.0,0.0,0.0,0,0,0.0,0.0,UNKNOWN,0.0,0.0,0.0,0.0,,0.0,
321,1044978,20181215,20200921,20200516,1588.0,397.0,467.0,467.0,4,5,295.0,1293.0,SALE,862.0,726.0,0.0,0.0,1588.0,20190406,467.0,20200125,350.0,317.6,0.1857682619647355,0.8142317380352645,0.5428211586901763,0.45717884130982367,0.0,0.0,1.0,745.0,372.5,2,2,0.0,745.0,SALE,372.5,0.0,1.0,0.0,,0.0,
322,1045115,20191123,20200921,20200808,515.0,257.5,266.0,266.0,2,4,0.0,515.0,SALE,230.0,0.0,285.0,0.0,515.0,20200404,249.0,20200509,266.0,128.75,0.0,1.0,0.44660194174757284,0.0,0.5533980582524272,0.0,1.0,515.0,257.5,2,4,0.0,515.0,SALE,128.75,0.0,1.0,515.0,72.25,0.0,
323,1045252,20181117,20200921,20200912,1926.0,321.0,426.0,426.0,6,12,715.0,1211.0,MIXED,451.0,1298.0,177.0,239.0,1687.0,20190406,289.0,20200530,426.0,160.5,0.37123572170301145,0.6287642782969886,0.23416407061266875,0.6739356178608515,0.09190031152647975,0.1240913811007269,0.8759086188992731,1034.0,344.6666666666667,3,7,426.0,608.0,MIXED,147.71428571428572,0.4119922630560928,0.5880077369439072,634.0,11881.0,0.0,
324,1045389,20181103,20200921,20200606,1136.0,284.0,364.0,364.0,4,4,847.0,289.0,MIXED,0.0,1136.0,0.0,0.0,1136.0,20190330,247.0,20200215,289.0,284.0,0.7455985915492958,0.25440140845070425,0.0,1.0,0.0,0.0,1.0,525.0,262.5,2,2,236.0,289.0,MIXED,262.5,0.44952380952380955,0.5504761904761905,0.0,,0.0,
325,1045526,20181117,20200921,20200822,472.0,236.0,325.0,325.0,2,2,325.0,147.0,MIXED,325.0,147.0,0.0,0.0,472.0,20190803,147.0,20200516,325.0,236.0,0.6885593220338984,0.3114406779661017,0.6885593220338984,0.3114406779661017,0.0,0.0,1.0,325.0,325.0,1,1,325.0,0.0,FULL PRICE,325.0,1.0,0.0,325.0,0.0,0.0,
326,1045663,20181020,20200921,20200912,4690.0,390.8333333333333,522.0,522.0,12,21,3030.0,1660.0,MIXED,295.0,3925.0,470.0,731.0,3959.0,20181020,511.0,20200822,522.0,223.33333333333334,0.6460554371002132,0.35394456289978676,0.0628997867803838,0.8368869936034116,0.10021321961620469,0.155863539445629,0.844136460554371,2068.0,413.6,5,7,1061.0,1007.0,MIXED,295.42857142857144,0.5130560928433269,0.48694390715667313,1598.0,5500.25,522.0,
327,1045800,20181103,20200921,20200711,853.0,426.5,465.0,465.0,2,6,0.0,853.0,SALE,357.0,495.0,1.0,0.0,853.0,20190216,465.0,20190720,388.0,142.16666666666666,0.0,1.0,0.41852286049237986,0.5803048065650644,0.0011723329425556857,0.0,1.0,0.0,0.0,0,0,0.0,0.0,UNKNOWN,0.0,0.0,0.0,0.0,,0.0,
328,1045937,20180922,20200921,20191116,1209.0,302.25,367.0,367.0,4,7,628.0,581.0,SALE,198.0,1011.0,0.0,0.0,1209.0,20180922,296.0,20190914,367.0,172.71428571428572,0.5194375516956162,0.48056244830438377,0.16377171215880892,0.8362282878411911,0.0,0.0,1.0,0.0,0.0,0,0,0.0,0.0,UNKNOWN,0.0,0.0,0.0,0.0,,0.0,
329,1046074,20190119,20200921,20200627,2053.0,342.1666666666667,457.0,457.0,6,7,792.0,1261.0,SALE,1337.0,0.0,716.0,259.0,1794.0,20190323,381.0,20200627,259.0,293.2857142857143,0.38577691183633706,0.6142230881636629,0.6512420847540185,0.0,0.3487579152459815,0.12615684364344862,0.8738431563565514,1672.0,334.4,5,6,792.0,880.0,SALE,278.6666666666667,0.47368421052631576,0.5263157894736842,259.0,0.0,259.0,
330,1046211,20180922,20200921,20200905,1209.0,302.25,390.0,390.0,4,7,31.0,1178.0,SALE,819.0,0.0,390.0,0.0,1209.0,20181006,370.0,20200328,390.0,172.71428571428572,0.02564102564102564,0.9743589743589743,0.6774193548387096,0.0,0.3225806451612903,0.0,1.0,839.0,279.6666666666667,3,6,31.0,808.0,SALE,139.83333333333334,0.03694874851013111,0.9630512514898689,390.0,0.0,0.0,
331,1046348,20180929,20200921,20200912,1918.0,319.6666666666667,456.0,456.0,6,10,1039.0,879.0,FULL PRICE,177.0,1741.0,0.0,212.0,1706.0,20181013,299.0,20200620,212.0,191.8,0.5417101147028154,0.45828988529718456,0.09228362877997914,0.9077163712200208,0.0,0.1105318039624609,0.8894681960375391,781.0,260.3333333333333,3,6,358.0,423.0,FULL PRICE,130.16666666666666,0.45838668373879643,0.5416133162612036,212.0,0.0,0.0,
332,1046485,20181229,20200921,20200711,1209.0,302.25,373.0,373.0,4,5,582.0,627.0,MIXED,254.0,833.0,122.0,0.0,1209.0,20190302,235.0,20200711,254.0,241.8,0.4813895781637717,0.5186104218362283,0.21009098428453268,0.6889991728701406,0.10090984284532671,0.0,1.0,254.0,254.0,1,1,0.0,254.0,SALE,254.0,0.0,1.0,254.0,0.0,254.0,
333,1046622,20181103,20200921,20200808,1749.0,291.5,360.0,360.0,6,14,590.0,1159.0,SALE,857.0,892.0,0.0,311.0,1438.0,20181215,360.0,20200711,294.0,124.92857142857143,0.3373356203544883,0.6626643796455117,0.48999428244711263,0.5100057175528874,0.0,0.17781589479702686,0.8221841052029731,652.0,326.0,2,5,108.0,544.0,SALE,130.4,0.1656441717791411,0.8343558282208589,294.0,0.0,294.0,
334,1046759,20190223,20200921,20200725,1330.0,332.5,375.0,375.0,4,8,72.0,1258.0,SALE,14.0,1316.0,0.0,0.0,1330.0,20190323,311.0,20200704,331.0,166.25,0.05413533834586466,0.9458646616541353,0.010526315789473684,0.9894736842105263,0.0,0.0,1.0,644.0,322.0,2,2,0.0,644.0,SALE,322.0,0.0,1.0,331.0,0.0,331.0,
335,1046896,20181124,20200921,20200808,1927.0,321.1666666666667,375.0,375.0,6,10,1255.0,672.0,FULL PRICE,1387.0,0.0,540.0,0.0,1927.0,20181208,241.0,20200718,335.0,192.7,0.6512714063310846,0.3487285936689154,0.7197716658017644,0.0,0.2802283341982356,0.0,1.0,710.0,355.0,2,3,710.0,0.0,FULL PRICE,236.66666666666666,1.0,0.0,335.0,0.0,335.0,
336,1047033,20181124,20200921,20200815,801.0,400.5,438.0,438.0,2,2,363.0,438.0,MIXED,801.0,0.0,0.0,0.0,801.0,20181215,438.0,20190406,363.0,400.5,0.45318352059925093,0.5468164794007491,1.0,0.0,0.0,0.0,1.0,0.0,0.0,0,0,0.0,0.0,UNKNOWN,0.0,0.0,0.0,0.0,,0.0,
337,1047170,20181124,20200921,20200815,2122.0,353.6666666666667,448.0,448.0,6,7,280.0,1842.0,SALE,0.0,1405.0,717.0,296.0,1826.0,20181124,253.0,20200627,296.0,303.14285714285717,0.13195098963242224,0.8680490103675778,0.0,0.6621112158341188,0.33788878416588125,0.13949104618284638,0.8605089538171536,704.0,352.0,2,2,0.0,704.0,SALE,352.0,0.0,1.0,704.0,3136.0,296.0,
338,1047307,20180929,20200921,20200919,1890.0,315.0,484.0,484.0,6,7,0.0,1890.0,SALE,1143.0,263.0,484.0,0.0,1890.0,20180929,303.0,20200815,263.0,270.0,0.0,1.0,0.6047619047619047,0.13915343915343914,0.2560846560846561,0.0,1.0,509.0,254.5,2,2,0.0,509.0,SALE,254.5,0.0,1.0,509.0,72.25,263.0,
339,1047444,20180922,20200921,20200829,6260.0,447.14285714285717,572.0,572.0,14,23,4787.0,1473.0,FULL PRICE,4936.0,1307.0,17.0,0.0,6260.0,20181006,336.0,20200829,540.0,272.17391304347825,0.7646964856230032,0.23530351437699681,0.7884984025559105,0.20878594249201277,0.002715654952076677,0.0,1.0,4052.0,506.5,8,16,3217.0,835.0,FULL PRICE,253.25,0.793928923988154,0.206071076011846,1451.0,1614.888888888889,1002.0,
340,1047581,20181013,20200921,20200418,1063.0,265.75,338.0,338.0,4,10,147.0,916.0,SALE,98.0,746.0,219.0,0.0,1063.0,20190427,238.0,20200125,338.0,106.3,0.13828786453433678,0.8617121354656632,0.09219190968955786,0.7017873941674506,0.20602069614299154,0.0,1.0,526.0,263.0,2,6,128.0,398.0,SALE,87.66666666666667,0.24334600760456274,0.7566539923954373,0.0,,0.0,
341,1047718,20180929,20200921,20200530,4528.0,452.8,676.0,676.0,10,15,4528.0,0.0,FULL PRICE,815.0,2997.0,716.0,0.0,4528.0,20180929,501.0,20200222,286.0,301.8666666666667,1.0,0.0,0.17999116607773852,0.6618816254416962,0.15812720848056538,0.0,1.0,1076.0,358.6666666666667,3,5,1076.0,0.0,FULL PRICE,215.2,1.0,0.0,0.0,,0.0,
342,1047855,20190810,20200921,20200829,1292.0,323.0,424.0,424.0,4,7,654.0,638.0,SALE,364.0,756.0,172.0,0.0,1292.0,20200111,364.0,20200509,424.0,184.57142857142858,0.5061919504643962,0.4938080495356037,0.28173374613003094,0.5851393188854489,0.13312693498452013,0.0,1.0,1292.0,323.0,4,7,654.0,638.0,SALE,184.57142857142858,0.5061919504643962,0.4938080495356037,424.0,0.0,0.0,
343,1047992,20181020,20200921,20200905,681.0,340.5,376.0,376.0,2,2,376.0,305.0,MIXED,681.0,0.0,0.0,0.0,681.0,20190216,376.0,20190921,305.0,340.5,0.5521292217327459,0.447870778267254,1.0,0.0,0.0,0.0,1.0,0.0,0.0,0,0,0.0,0.0,UNKNOWN,0.0,0.0,0.0,0.0,,0.0,
344,1048129,20181006,20200921,20200725,5315.0,442.9166666666667,693.0,693.0,12,16,4879.0,436.0,FULL PRICE,649.0,4335.0,331.0,0.0,5315.0,20181020,465.0,20200627,86.0,332.1875,0.9179680150517403,0.08203198494825964,0.12210724365004703,0.8156161806208843,0.062276575729068674,0.0,1.0,1675.0,335.0,5,5,1344.0,331.0,FULL PRICE,335.0,0.8023880597014925,0.19761194029850745,417.0,15006.25,86.0,
345,1048266,20180922,20200921,20200321,1088.0,272.0,343.0,343.0,4,9,417.0,671.0,SALE,194.0,568.0,326.0,0.0,1088.0,20180922,291.0,20191026,202.0,120.88888888888889,0.38327205882352944,0.6167279411764706,0.17830882352941177,0.5220588235294118,0.29963235294117646,0.0,1.0,202.0,202.0,1,2,165.0,37.0,MIXED,101.0,0.8168316831683168,0.18316831683168316,0.0,,0.0,
346,1048403,20181006,20200921,20200822,2009.0,334.8333333333333,446.0,446.0,6,7,320.0,1689.0,SALE,1657.0,320.0,32.0,0.0,2009.0,20181013,397.0,20200815,189.0,287.0,0.15928322548531607,0.840716774514684,0.8247884519661524,0.15928322548531607,0.015928322548531607,0.0,1.0,1019.0,339.6666666666667,3,4,0.0,1019.0,SALE,254.75,0.0,1.0,635.0,16512.25,189.0,
347,1048540,20181201,20200921,20200704,1824.0,304.0,423.0,423.0,6,9,365.0,1459.0,MIXED,805.0,911.0,108.0,278.0,1546.0,20181208,423.0,20200606,278.0,202.66666666666666,0.20010964912280702,0.799890350877193,0.4413377192982456,0.4994517543859649,0.05921052631578947,0.1524122807017544,0.8475877192982456,655.0,327.5,2,3,278.0,377.0,MIXED,218.33333333333334,0.42442748091603055,0.5755725190839694,278.0,0.0,0.0,
348,1048677,20181124,20200921,20200808,1389.0,347.25,474.0,474.0,4,5,231.0,1158.0,MIXED,0.0,879.0,510.0,0.0,1389.0,20181222,295.0,20200718,267.0,277.8,0.16630669546436286,0.8336933045356372,0.0,0.6328293736501079,0.367170626349892,0.0,1.0,620.0,310.0,2,3,231.0,389.0,MIXED,206.66666666666666,0.3725806451612903,0.6274193548387097,620.0,1849.0,620.0,
349,1048814,20181117,20200921,20200829,2587.0,431.1666666666667,621.0,621.0,6,8,2522.0,65.0,FULL PRICE,1629.0,893.0,65.0,621.0,1966.0,20181208,502.0,20200808,410.0,323.375,0.9748743718592965,0.02512562814070352,0.6296868960185543,0.34518747584074216,0.02512562814070352,0.240046385775029,0.759953614224971,2085.0,417.0,5,7,2020.0,65.0,FULL PRICE,297.85714285714283,0.9688249400479616,0.03117505995203837,1122.0,4498.666666666667,410.0,
350,1048951,20190202,20200921,20200829,1487.0,371.75,450.0,450.0,4,5,450.0,1037.0,SALE,437.0,690.0,360.0,0.0,1487.0,20190608,450.0,20200815,240.0,297.4,0.3026227303295225,0.6973772696704774,0.29388029589778075,0.46402151983860124,0.242098184263618,0.0,1.0,1037.0,345.6666666666667,3,3,0.0,1037.0,SALE,345.6666666666667,0.0,1.0,677.0,9702.25,677.0,
351,1049088,20190907,20200921,20200815,2007.0,334.5,454.0,454.0,6,9,776.0,1231.0,SALE,1276.0,695.0,36.0,454.0,1553.0,20191109,354.0,20200620,454.0,223.0,0.3866467364225212,0.6133532635774788,0.635774788241156,0.34628799202790234,0.017937219730941704,0.22620827105132038,0.7737917289486796,2007.0,334.5,6,9,776.0,1231.0,SALE,223.0,0.3866467364225212,0.6133532635774788,1429.0,11598.6875,0.0,
352,1049225,20181020,20200921,20190406,664.0,332.0,396.0,396.0,2,2,268.0,396.0,MIXED,0.0,664.0,0.0,0.0,664.0,20181020,396.0,20181222,268.0,332.0,0.4036144578313253,0.5963855421686747,0.0,1.0,0.0,0.0,1.0,0.0,0.0,0,0,0.0,0.0,UNKNOWN,0.0,0.0,0.0,0.0,,0.0,
353,1049362,20190525,20200921,20200808,427.0,213.5,241.0,241.0,2,7,302.0,125.0,MIXED,63.0,356.0,8.0,0.0,427.0,20191116,241.0,20200718,186.0,61.0,0.7072599531615925,0.2927400468384075,0.14754098360655737,0.8337236533957846,0.01873536299765808,0.0,1.0,427.0,213.5,2,7,302.0,125.0,MIXED,61.0,0.7072599531615925,0.2927400468384075,186.0,0.0,186.0,
354,1049499,20180929,20200921,20200627,1853.0,308.8333333333333,419.0,419.0,6,7,361.0,1492.0,SALE,457.0,725.0,671.0,0.0,1853.0,20181006,419.0,20200627,354.0,264.7142857142857,0.19481921208850514,0.8051807879114948,0.24662709120345386,0.3912574203993524,0.36211548839719376,0.0,1.0,811.0,270.3333333333333,3,3,0.0,811.0,SALE,270.3333333333333,0.0,1.0,811.0,7504.222222222223,354.0,
355,1049636,20190119,20200921,20200314,595.0,297.5,338.0,338.0,2,5,182.0,413.0,MIXED,214.0,271.0,110.0,0.0,595.0,20191019,257.0,20200229,338.0,119.0,0.3058823529411765,0.6941176470588235,0.3596638655462185,0.45546218487394957,0.18487394957983194,0.0,1.0,595.0,297.5,2,5,182.0,413.0,MIXED,119.0,0.3058823529411765,0.6941176470588235,0.0,,0.0,
356,1049773,20181013,20200921,20200718,3940.0,394.0,611.0,611.0,10,13,2545.0,1395.0,MIXED,2917.0,0.0,1023.0,0.0,3940.0,20181117,280.0,20200411,355.0,303.0769230769231,0.6459390862944162,0.35406091370558374,0.7403553299492386,0.0,0.2596446700507614,0.0,1.0,1493.0,373.25,4,4,1138.0,355.0,MIXED,373.25,0.7622237106496986,0.2377762893503014,854.0,5184.0,0.0,
357,1049910,20181124,20200921,20200815,1129.0,282.25,350.0,350.0,4,5,631.0,498.0,MIXED,981.0,0.0,148.0,0.0,1129.0,20190105,350.0,20200801,148.0,225.8,0.5589016829052259,0.44109831709477415,0.8689105403011514,0.0,0.13108945969884853,0.0,1.0,479.0,239.5,2,2,331.0,148.0,MIXED,239.5,0.6910229645093946,0.3089770354906054,479.0,8372.25,148.0,
358,1050047,20181208,20200921,20200905,5215.0,434.5833333333333,680.0,680.0,12,17,3072.0,2143.0,FULL PRICE,3635.0,1292.0,288.0,1112.0,4103.0,20190209,472.0,20200829,445.0,306.7647058823529,0.5890699904122723,0.4109300095877277,0.6970278044103547,0.24774688398849473,0.055225311601150524,0.21323106423777566,0.7867689357622244,3603.0,450.375,8,12,2953.0,650.0,FULL PRICE,300.25,0.8195947821260061,0.18040521787399388,1557.0,12988.666666666666,1125.0,
359,1050184,20190202,20200921,20200912,1057.0,264.25,368.0,368.0,4,6,230.0,827.0,SALE,606.0,245.0,206.0,245.0,812.0,20200321,206.0,20200912,368.0,176.16666666666666,0.21759697256385999,0.78240302743614,0.5733207190160833,0.23178807947019867,0.19489120151371808,0.23178807947019867,0.7682119205298014,1057.0,264.25,4,6,230.0,827.0,SALE,176.16666666666666,0.21759697256385999,0.78240302743614,851.0,3564.222222222222,368.0,
360,1050321,20181208,20200921,20200523,1263.0,315.75,404.0,404.0,4,8,0.0,1263.0,SALE,514.0,749.0,0.0,0.0,1263.0,20181229,278.0,20200509,213.0,157.875,0.0,1.0,0.4069675376088678,0.5930324623911323,0.0,0.0,1.0,213.0,213.0,1,2,0.0,213.0,SALE,106.5,0.0,1.0,213.0,0.0,0.0,
361,1050458,20181103,20200921,20200919,2000.0,333.3333333333333,405.0,405.0,6,11,455.0,1545.0,SALE,1548.0,272.0,180.0,0.0,2000.0,20181229,234.0,20200912,405.0,181.8181818181818,0.2275,0.7725,0.774,0.136,0.09,0.0,1.0,1099.0,366.3333333333333,3,5,275.0,824.0,SALE,219.8,0.2502274795268426,0.7497725204731575,709.0,2550.25,405.0,
362,1050595,20181013,20200921,20200613,2032.0,338.6666666666667,453.0,453.0,6,8,35.0,1997.0,SALE,1227.0,361.0,444.0,0.0,2032.0,20181110,236.0,20200125,453.0,254.0,0.0172244094488189,0.9827755905511811,0.6038385826771654,0.17765748031496062,0.21850393700787402,0.0,1.0,814.0,407.0,2,2,0.0,814.0,SALE,407.0,0.0,1.0,0.0,,0.0,
363,1050732,20181229,20200921,20200912,1299.0,324.75,514.0,514.0,4,6,417.0,882.0,SALE,177.0,1122.0,0.0,0.0,1299.0,20190316,419.0,20200822,189.0,216.5,0.3210161662817552,0.6789838337182448,0.13625866050808313,0.8637413394919169,0.0,0.0,1.0,703.0,351.5,2,2,0.0,703.0,SALE,351.5,0.0,1.0,189.0,0.0,189.0,
364,1050869,20190126,20200921,20200711,1200.0,300.0,405.0,405.0,4,6,405.0,795.0,SALE,1200.0,0.0,0.0,0.0,1200.0,20190126,306.0,20200502,195.0,200.0,0.3375,0.6625,1.0,0.0,0.0,0.0,1.0,195.0,195.0,1,1,0.0,195.0,SALE,195.0,0.0,1.0,195.0,0.0,0.0,
365,1051006,20181006,20200921,20200530,684.0,342.0,431.0,431.0,2,2,253.0,431.0,MIXED,431.0,253.0,0.0,0.0,684.0,20190126,431.0,20190406,253.0,342.0,0.36988304093567254,0.6301169590643275,0.6301169590643275,0.36988304093567254,0.0,0.0,1.0,0.0,0.0,0,0,0.0,0.0,UNKNOWN,0.0,0.0,0.0,0.0,,0.0,
366,1051143,20181229,20200921,20200829,16291.0,581.8214285714286,997.0,997.0,28,43,12580.0,3711.0,FULL PRICE,3216.0,10673.0,2402.0,2542.0,13749.0,20190112,329.0,20200829,708.0,378.86046511627904,0.7722055122460254,0.2277944877539746,0.19740961266957216,0.6551470136885397,0.14744337364188817,0.15603707568596156,0.8439629243140384,11129.0,618.2777777777778,18,27,9154.0,1975.0,FULL PRICE,412.18518518518516,0.8225357174948333,0.1774642825051667,5745.0,23277.555555555555,1782.0,
367,1051280,20181222,20200921,20200912,1874.0,312.3333333333333,479.0,479.0,6,8,362.0,1512.0,SALE,0.0,1874.0,0.0,0.0,1874.0,20190525,374.0,20200725,265.0,234.25,0.19316969050160085,0.8068303094983992,0.0,1.0,0.0,0.0,1.0,1500.0,300.0,5,7,362.0,1138.0,SALE,214.28571428571428,0.24133333333333334,0.7586666666666667,467.0,992.25,467.0,
368,1051417,20181006,20200921,20190928,1120.0,280.0,307.0,307.0,4,8,0.0,1120.0,SALE,854.0,183.0,83.0,0.0,1120.0,20181006,282.0,20190907,307.0,140.0,0.0,1.0,0.7625,0.16339285714285715,0.07410714285714286,0.0,1.0,0.0,0.0,0,0,0.0,0.0,UNKNOWN,0.0,0.0,0.0,0.0,,0.0,
369,1051554,20181215,20200921,20200822,1793.0,298.8333333333333,361.0,361.0,6,10,421.0,1372.0,SALE,1165.0,79.0,549.0,0.0,1793.0,20190209,249.0,20200718,361.0,179.3,0.23480200780814278,0.7651979921918572,0.6497490239821528,0.044060234244283326,0.30619074177356387,0.0,1.0,671.0,335.5,2,4,209.0,462.0,SALE,167.75,0.3114754098360656,0.6885245901639344,671.0,650.25,361.0,
370,1051691,20181020,20200921,20200912,1288.0,322.0,377.0,377.0,4,6,377.0,911.0,MIXED,0.0,1288.0,0.0,0.0,1288.0,20181103,316.0,20191102,377.0,214.66666666666666,0.29270186335403725,0.7072981366459627,0.0,1.0,0.0,0.0,1.0,630.0,315.0,2,2,377.0,253.0,MIXED,315.0,0.5984126984126984,0.4015873015873016,0.0,,0.0,
371,1051828,20181117,20200921,20200307,677.0,338.5,362.0,362.0,2,4,105.0,572.0,SALE,565.0,0.0,112.0,0.0,677.0,20181124,362.0,20190608,315.0,169.25,0.155096011816839,0.844903988183161,0.8345642540620384,0.0,0.1654357459379616,0.0,1.0,0.0,0.0,0,0,0.0,0.0,UNKNOWN,0.0,0.0,0.0,0.0,,0.0,
372,1051965,20190420,20200921,20200718,660.0,330.0,384.0,384.0,2,5,264.0,396.0,SALE,0.0,120.0,540.0,0.0,660.0,20191026,384.0,20200328,276.0,132.0,0.4,0.6,0.0,0.18181818181818182,0.8181818181818182,0.0,1.0,660.0,330.0,2,5,264.0,396.0,SALE,132.0,0.4,0.6,276.0,0.0,0.0,
373,1052102,20181020,20200921,20200711,583.0,291.5,435.0,435.0,2,4,0.0,583.0,SALE,324.0,259.0,0.0,0.0,583.0,20190727,148.0,20200627,435.0,145.75,0.0,1.0,0.5557461406518011,0.444253859348199,0.0,0.0,1.0,435.0,435.0,1,2,0.0,435.0,SALE,217.5,0.0,1.0,435.0,0.0,435.0,
374,1052239,20180922,20200921,20200912,5320.0,443.3333333333333,607.0,607.0,12,19,4024.0,1296.0,MIXED,5236.0,0.0,84.0,607.0,4713.0,20180922,549.0,20200829,559.0,280.0,0.7563909774436091,0.24360902255639097,0.9842105263157894,0.0,0.015789473684210527,0.11409774436090225,0.8859022556390977,2885.0,412.14285714285717,7,11,2108.0,777.0,MIXED,262.27272727272725,0.7306759098786828,0.26932409012131714,1920.0,19966.4,1290.0,
375,1052376,20190209,20200921,20200919,3991.0,399.1,630.0,630.0,10,17,2949.0,1042.0,FULL PRICE,3599.0,311.0,81.0,1575.0,2416.0,20190223,446.0,20200905,269.0,234.76470588235293,0.7389125532448008,0.2610874467551992,0.9017790027562015,0.07792533199699324,0.020295665246805313,0.3946379353545477,0.6053620646454523,3102.0,387.75,8,14,2060.0,1042.0,FULL PRICE,221.57142857142858,0.6640876853642811,0.3359123146357189,2145.0,14209.2,1366.0,
376,1052513,20181020,20200921,20200905,684.0,342.0,390.0,390.0,2,4,210.0,474.0,MIXED,474.0,210.0,0.0,0.0,684.0,20181103,390.0,20200314,294.0,171.0,0.30701754385964913,0.6929824561403509,0.6929824561403509,0.30701754385964913,0.0,0.0,1.0,294.0,294.0,1,3,210.0,84.0,MIXED,98.0,0.7142857142857143,0.2857142857142857,0.0,,0.0,
377,1052650,20180929,20200921,20200620,1181.0,295.25,309.0,309.0,4,4,309.0,872.0,SALE,602.0,579.0,0.0,293.0,888.0,20181117,275.0,20190427,293.0,295.25,0.26164267569856053,0.7383573243014394,0.5097375105842507,0.49026248941574935,0.0,0.2480948348856901,0.7519051651143099,0.0,0.0,0,0,0.0,0.0,UNKNOWN,0.0,0.0,0.0,0.0,,0.0,
378,1052787,20181027,20200921,20200808,1466.0,366.5,448.0,448.0,4,7,44.0,1422.0,SALE,1466.0,0.0,0.0,0.0,1466.0,20181103,448.0,20200229,442.0,209.42857142857142,0.030013642564802184,0.9699863574351978,1.0,0.0,0.0,0.0,1.0,1018.0,339.3333333333333,3,6,44.0,974.0,SALE,169.66666666666666,0.043222003929273084,0.9567779960707269,0.0,,0.0,
379,1052924,20181124,20200921,20200530,717.0,358.5,447.0,447.0,2,2,0.0,717.0,SALE,447.0,270.0,0.0,0.0,717.0,20190511,447.0,20200411,270.0,358.5,0.0,1.0,0.6234309623430963,0.37656903765690375,0.0,0.0,1.0,270.0,270.0,1,1,0.0,270.0,SALE,270.0,0.0,1.0,270.0,0.0,0.0,
380,1053061,20180922,20200921,20200516,1318.0,329.5,375.0,375.0,4,7,407.0,911.0,SALE,816.0,0.0,502.0,658.0,660.0,20180922,310.0,20191012,348.0,188.28571428571428,0.3088012139605463,0.6911987860394537,0.6191198786039454,0.0,0.38088012139605465,0.4992412746585736,0.5007587253414264,348.0,348.0,1,1,0.0,348.0,SALE,348.0,0.0,1.0,0.0,,0.0,
381,1053198,20181103,20200921,20200919,1723.0,287.1666666666667,450.0,450.0,6,10,731.0,992.0,MIXED,1723.0,0.0,0.0,208.0,1515.0,20190105,221.0,20200905,360.0,172.3,0.4242600116076611,0.575739988392339,1.0,0.0,0.0,0.12071967498549042,0.8792803250145096,880.0,293.3333333333333,3,4,278.0,602.0,MIXED,220.0,0.3159090909090909,0.6840909090909091,880.0,4024.888888888889,568.0,
382,1053335,20190713,20200921,20200919,1555.0,388.75,527.0,527.0,4,8,452.0,1103.0,MIXED,1554.0,0.0,1.0,0.0,1555.0,20190720,260.0,20200711,427.0,194.375,0.2906752411575563,0.7093247588424437,0.9993569131832798,0.0,0.0006430868167202572,0.0,1.0,954.0,477.0,2,5,452.0,502.0,MIXED,190.8,0.47379454926624737,0.5262054507337526,427.0,0.0,427.0,
383,1053472,20190420,20200921,20200801,824.0,412.0,492.0,492.0,2,5,436.0,388.0,MIXED,95.0,332.0,397.0,0.0,824.0,20200215,492.0,20200314,332.0,164.8,0.529126213592233,0.470873786407767,0.11529126213592233,0.4029126213592233,0.4817961165048544,0.0,1.0,824.0,412.0,2,5,436.0,388.0,MIXED,164.8,0.529126213592233,0.470873786407767,0.0,,0.0,
384,1053609,20180922,20200921,20200704,1039.0,259.75,370.0,370.0,4,5,663.0,376.0,SALE,97.0,883.0,59.0,0.0,1039.0,20190309,370.0,20200215,156.0,207.8,0.6381135707410972,0.3618864292589028,0.0933589990375361,0.8498556304138595,0.05678537054860443,0.0,1.0,376.0,188.0,2,3,0.0,376.0,SALE,125.33333333333333,0.0,1.0,0.0,,0.0,
385,1053746,20180922,20200921,20200912,11531.0,640.6111111111111,1018.0,1018.0,18,31,8292.0,3239.0,FULL PRICE,9483.0,916.0,1132.0,0.0,11531.0,20180922,859.0,20200912,507.0,371.96774193548384,0.7191050212470731,0.2808949787529269,0.8223918133726477,0.0794380365969994,0.09817015003035297,0.0,1.0,6133.0,613.3,10,17,5045.0,1088.0,FULL PRICE,360.7647058823529,0.8225990542964291,0.17740094570357084,3774.0,24586.408163265303,2147.0,
386,1053883,20181117,20200921,20200808,1458.0,364.5,445.0,445.0,4,8,0.0,1458.0,SALE,0.0,1204.0,254.0,855.0,603.0,20190427,273.0,20200704,330.0,182.25,0.0,1.0,0.0,0.8257887517146777,0.17421124828532236,0.5864197530864198,0.41358024691358025,1185.0,395.0,3,5,0.0,1185.0,SALE,237.0,0.0,1.0,330.0,0.0,330.0,
387,1054020,20181215,20200921,20200822,1524.0,254.0,292.0,292.0,6,9,567.0,957.0,SALE,463.0,1061.0,0.0,0.0,1524.0,20190622,285.0,20200801,209.0,169.33333333333334,0.3720472440944882,0.6279527559055118,0.3038057742782152,0.6961942257217848,0.0,0.0,1.0,1239.0,247.8,5,7,567.0,672.0,SALE,177.0,0.4576271186440678,0.5423728813559322,730.0,770.888888888889,209.0,
388,1054157,20190105,20200921,20200321,649.0,324.5,367.0,367.0,2,2,282.0,367.0,MIXED,367.0,282.0,0.0,0.0,649.0,20190302,282.0,20191019,367.0,324.5,0.4345146379044684,0.5654853620955316,0.5654853620955316,0.4345146379044684,0.0,0.0,1.0,367.0,367.0,1,1,0.0,367.0,SALE,367.0,0.0,1.0,0.0,,0.0,
389,1054294,20181103,20200921,20200919,1228.0,307.0,413.0,413.0,4,10,287.0,941.0,MIXED,979.0,0.0,249.0,0.0,1228.0,20181222,413.0,20200118,341.0,122.8,0.23371335504885993,0.7662866449511401,0.7972312703583062,0.0,0.20276872964169382,0.0,1.0,341.0,341.0,1,5,43.0,298.0,MIXED,68.2,0.12609970674486803,0.873900293255132,0.0,,0.0,
390,1054431,20190216,20200921,20200502,1884.0,314.0,392.0,392.0,6,9,668.0,1216.0,SALE,291.0,1485.0,108.0,207.0,1677.0,20190323,323.0,20200425,392.0,209.33333333333334,0.35456475583864117,0.6454352441613588,0.15445859872611464,0.7882165605095541,0.05732484076433121,0.10987261146496816,0.8901273885350318,737.0,368.5,2,2,345.0,392.0,MIXED,368.5,0.4681139755766621,0.5318860244233379,392.0,0.0,0.0,
391,1054568,20191026,20200921,20200627,752.0,376.0,483.0,483.0,2,2,0.0,752.0,SALE,752.0,0.0,0.0,0.0,752.0,20191102,269.0,20200208,483.0,376.0,0.0,1.0,1.0,0.0,0.0,0.0,1.0,752.0,376.0,2,2,0.0,752.0,SALE,376.0,0.0,1.0,0.0,,0.0,
392,1054705,20181103,20200921,20191228,1459.0,364.75,504.0,504.0,4,6,0.0,1459.0,SALE,1192.0,267.0,0.0,0.0,1459.0,20181229,504.0,20191005,256.0,243.16666666666666,0.0,1.0,0.8169979437971213,0.18300205620287868,0.0,0.0,1.0,256.0,256.0,1,1,0.0,256.0,SALE,256.0,0.0,1.0,0.0,,0.0,
393,1054842,20190119,20200921,20200606,1107.0,276.75,342.0,342.0,4,4,0.0,1107.0,SALE,1107.0,0.0,0.0,342.0,765.0,20190518,330.0,20200314,342.0,276.75,0.0,1.0,1.0,0.0,0.0,0.3089430894308943,0.6910569105691057,590.0,295.0,2,2,0.0,590.0,SALE,295.0,0.0,1.0,0.0,,0.0,
394,1054979,20181208,20200921,20200815,658.0,329.0,346.0,346.0,2,2,346.0,312.0,MIXED,346.0,312.0,0.0,0.0,658.0,20181229,312.0,20200815,346.0,329.0,0.5258358662613982,0.47416413373860183,0.5258358662613982,0.47416413373860183,0.0,0.0,1.0,346.0,346.0,1,1,346.0,0.0,FULL PRICE,346.0,1.0,0.0,346.0,0.0,346.0,
395,1055116,20190202,20200921,20200815,518.0,259.0,270.0,270.0,2,2,270.0,248.0,MIXED,518.0,0.0,0.0,0.0,518.0,20190706,248.0,20191102,270.0,259.0,0.5212355212355212,0.47876447876447875,1.0,0.0,0.0,0.0,1.0,270.0,270.0,1,1,270.0,0.0,FULL PRICE,270.0,1.0,0.0,0.0,,0.0,
396,1055253,20181117,20200921,20190810,681.0,340.5,384.0,384.0,2,2,297.0,384.0,MIXED,0.0,681.0,0.0,0.0,681.0,20190518,384.0,20190608,297.0,340.5,0.43612334801762115,0.5638766519823789,0.0,1.0,0.0,0.0,1.0,0.0,0.0,0,0,0.0,0.0,UNKNOWN,0.0,0.0,0.0,0.0,,0.0,
397,1055390,20181117,20200921,20190921,1102.0,275.5,348.0,348.0,4,4,0.0,1102.0,SALE,317.0,785.0,0.0,0.0,1102.0,20181117,224.0,20190622,213.0,275.5,0.0,1.0,0.28765880217785844,0.7123411978221416,0.0,0.0,1.0,0.0,0.0,0,0,0.0,0.0,UNKNOWN,0.0,0.0,0.0,0.0,,0.0,
398,1055527,20190525,20200921,20200314,684.0,342.0,358.0,358.0,2,2,326.0,358.0,MIXED,0.0,684.0,0.0,0.0,684.0,20190608,326.0,20200215,358.0,342.0,0.4766081871345029,0.5233918128654971,0.0,1.0,0.0,0.0,1.0,358.0,358.0,1,1,0.0,358.0,SALE,358.0,0.0,1.0,0.0,,0.0,
399,1055664,20190316,20200921,20200104,494.0,247.0,303.0,303.0,2,3,0.0,494.0,SALE,494.0,0.0,0.0,0.0,494.0,20190608,191.0,20191228,303.0,164.66666666666666,0.0,1.0,1.0,0.0,0.0,0.0,1.0,303.0,303.0,1,2,0.0,303.0,SALE,151.5,0.0,1.0,0.0,,0.0,
400,1055801,20181117,20200921,20200919,710.0,355.0,486.0,486.0,2,6,547.0,163.0,FULL PRICE,51.0,602.0,57.0,224.0,486.0,20190601,224.0,20200912,486.0,118.33333333333333,0.7704225352112676,0.2295774647887324,0.07183098591549296,0.847887323943662,0.08028169014084507,0.3154929577464789,0.6845070422535211,486.0,486.0,1,1,486.0,0.0,FULL PRICE,486.0,1.0,0.0,486.0,0.0,486.0,
401,1055938,20190518,20200921,20200620,548.0,274.0,343.0,343.0,2,2,205.0,343.0,MIXED,343.0,205.0,0.0,343.0,205.0,20190629,343.0,20191109,205.0,274.0,0.3740875912408759,0.6259124087591241,0.6259124087591241,0.3740875912408759,0.0,0.6259124087591241,0.3740875912408759,205.0,205.0,1,1,205.0,0.0,FULL PRICE,205.0,1.0,0.0,0.0,,0.0,
402,1056075,20190928,20200921,20200919,849.0,424.5,476.0,476.0,2,4,98.0,751.0,MIXED,275.0,574.0,0.0,0.0,849.0,20200125,476.0,20200829,373.0,212.25,0.1154299175500589,0.8845700824499411,0.32391048292108365,0.6760895170789164,0.0,0.0,1.0,849.0,424.5,2,4,98.0,751.0,MIXED,212.25,0.1154299175500589,0.8845700824499411,373.0,0.0,373.0,
403,1056212,20180929,20200921,20200725,1412.0,353.0,438.0,438.0,4,6,0.0,1412.0,SALE,724.0,273.0,415.0,0.0,1412.0,20181027,286.0,20200418,438.0,235.33333333333334,0.0,1.0,0.5127478753541076,0.193342776203966,0.29390934844192634,0.0,1.0,438.0,438.0,1,2,0.0,438.0,SALE,219.0,0.0,1.0,438.0,0.0,0.0,
404,1056349,20181006,20200921,20200808,3895.0,486.875,663.0,663.0,8,10,2789.0,1106.0,MIXED,2820.0,1075.0,0.0,456.0,3439.0,20181013,252.0,20200718,663.0,389.5,0.7160462130937099,0.28395378690629014,0.72400513478819,0.27599486521181,0.0,0.11707317073170732,0.8829268292682927,2193.0,548.25,4,5,1530.0,663.0,MIXED,438.6,0.6976744186046512,0.3023255813953488,663.0,0.0,663.0,
405,1056486,20191207,20200921,20200912,853.0,426.5,534.0,534.0,2,4,0.0,853.0,SALE,789.0,64.0,0.0,0.0,853.0,20200104,319.0,20200718,534.0,213.25,0.0,1.0,0.9249706916764361,0.07502930832356389,0.0,0.0,1.0,853.0,426.5,2,4,0.0,853.0,SALE,213.25,0.0,1.0,534.0,0.0,534.0,
406,1056623,20181103,20200921,20200530,2186.0,364.3333333333333,490.0,490.0,6,13,296.0,1890.0,SALE,719.0,1467.0,0.0,0.0,2186.0,20181103,490.0,20200307,227.0,168.15384615384616,0.1354071363220494,0.8645928636779506,0.3289112534309241,0.6710887465690759,0.0,0.0,1.0,1339.0,334.75,4,6,0.0,1339.0,SALE,223.16666666666666,0.0,1.0,0.0,,0.0,
407,1056760,20180922,20200921,20200815,2119.0,353.1666666666667,487.0,487.0,6,8,1269.0,850.0,FULL PRICE,2119.0,0.0,0.0,0.0,2119.0,20190302,446.0,20200815,372.0,264.875,0.5988673902784333,0.4011326097215668,1.0,0.0,0.0,0.0,1.0,846.0,282.0,3,3,625.0,221.0,FULL PRICE,282.0,0.7387706855791962,0.26122931442080377,846.0,4220.666666666667,372.0,
408,1056897,20180922,20200921,20200801,1310.0,327.5,463.0,463.0,4,7,441.0,869.0,SALE,1060.0,0.0,250.0,0.0,1310.0,20181013,250.0,20200418,223.0,187.14285714285714,0.3366412213740458,0.6633587786259542,0.8091603053435115,0.0,0.19083969465648856,0.0,1.0,1060.0,353.3333333333333,3,6,191.0,869.0,SALE,176.66666666666666,0.180188679245283,0.819811320754717,223.0,0.0,0.0,
409,1057034,20180922,20200921,20200725,1172.0,293.0,421.0,421.0,4,5,723.0,449.0,MIXED,567.0,63.0,542.0,0.0,1172.0,20180922,302.0,20191228,421.0,234.4,0.6168941979522184,0.38310580204778155,0.48378839590443684,0.0537542662116041,0.46245733788395904,0.0,1.0,870.0,290.0,3,4,421.0,449.0,MIXED,217.5,0.4839080459770115,0.5160919540229885,0.0,,0.0,
410,1057171,20180922,20200921,20200411,701.0,350.5,445.0,445.0,2,2,0.0,701.0,SALE,0.0,701.0,0.0,0.0,701.0,20181006,445.0,20200411,256.0,350.5,0.0,1.0,0.0,1.0,0.0,0.0,1.0,256.0,256.0,1,1,0.0,256.0,SALE,256.0,0.0,1.0,256.0,0.0,0.0,
411,1057308,20181215,20200921,20200919,4255.0,425.5,587.0,587.0,10,15,2129.0,2126.0,FULL PRICE,3399.0,414.0,442.0,0.0,4255.0,20190216,444.0,20200815,371.0,283.6666666666667,0.5003525264394829,0.49964747356051703,0.7988249118683901,0.0972972972972973,0.10387779083431257,0.0,1.0,2138.0,427.6,5,8,1154.0,984.0,FULL PRICE,267.25,0.539756782039289,0.46024321796071094,1284.0,2244.6666666666665,797.0,
412,1057445,20190323,20200921,20200815,604.0,302.0,331.0,331.0,2,3,156.0,448.0,SALE,156.0,448.0,0.0,0.0,604.0,20190622,273.0,20191214,331.0,201.33333333333334,0.2582781456953642,0.7417218543046358,0.2582781456953642,0.7417218543046358,0.0,0.0,1.0,331.0,331.0,1,2,156.0,175.0,MIXED,165.5,0.47129909365558914,0.5287009063444109,0.0,,0.0,
413,1057582,20181229,20200921,20200905,1305.0,326.25,404.0,404.0,4,7,0.0,1305.0,SALE,951.0,320.0,34.0,404.0,901.0,20191005,320.0,20200822,404.0,186.42857142857142,0.0,1.0,0.728735632183908,0.24521072796934865,0.026053639846743294,0.3095785440613027,0.6904214559386973,1305.0,326.25,4,7,0.0,1305.0,SALE,186.42857142857142,0.0,1.0,404.0,0.0,404.0,
414,1057719,20190525,20200921,20200801,1033.0,516.5,523.0,523.0,2,4,0.0,1033.0,SALE,1033.0,0.0,0.0,0.0,1033.0,20200314,523.0,20200704,510.0,258.25,0.0,1.0,1.0,0.0,0.0,0.0,1.0,1033.0,516.5,2,4,0.0,1033.0,SALE,258.25,0.0,1.0,510.0,0.0,510.0,
415,1057856,20180929,20200921,20200919,3918.0,391.8,559.0,559.0,10,15,2900.0,1018.0,FULL PRICE,3577.0,0.0,341.0,0.0,3918.0,20181229,359.0,20200912,341.0,261.2,0.7401735579377233,0.2598264420622767,0.912965798876978,0.0,0.08703420112302195,0.0,1.0,2171.0,361.8333333333333,6,7,1313.0,858.0,FULL PRICE,310.14285714285717,0.6047904191616766,0.39520958083832336,516.0,6889.0,516.0,
416,1057993,20181013,20200921,20200815,4866.0,486.6,754.0,754.0,10,16,2472.0,2394.0,MIXED,4277.0,175.0,414.0,368.0,4498.0,20181103,453.0,20200801,455.0,304.125,0.5080147965474723,0.4919852034525277,0.8789560213727908,0.03596383066173448,0.08508014796547472,0.07562679819153309,0.9243732018084669,2639.0,439.8333333333333,6,8,1623.0,1016.0,MIXED,329.875,0.6150056839712013,0.3849943160287988,823.0,1892.25,455.0,
417,1058130,20181110,20200921,20200711,1104.0,276.0,407.0,407.0,4,6,7.0,1097.0,SALE,7.0,1097.0,0.0,303.0,801.0,20190112,303.0,20200613,134.0,184.0,0.006340579710144928,0.9936594202898551,0.006340579710144928,0.9936594202898551,0.0,0.27445652173913043,0.7255434782608695,801.0,267.0,3,5,7.0,794.0,SALE,160.2,0.008739076154806492,0.9912609238451935,394.0,3969.0,0.0,
418,1058267,20190323,20200921,20200919,1777.0,296.1666666666667,461.0,461.0,6,8,280.0,1497.0,SALE,1314.0,341.0,122.0,0.0,1777.0,20190413,122.0,20200912,461.0,222.125,0.15756893640967923,0.8424310635903207,0.7394485087225662,0.19189645469893077,0.0686550365785031,0.0,1.0,1314.0,328.5,4,6,280.0,1034.0,SALE,219.0,0.213089802130898,0.786910197869102,1314.0,7570.25,1034.0,
419,1058404,20181229,20200921,20200912,1903.0,317.1666666666667,486.0,486.0,6,12,113.0,1790.0,SALE,56.0,1847.0,0.0,0.0,1903.0,20181229,425.0,20200822,330.0,158.58333333333334,0.05937992643194955,0.9406200735680504,0.029427220178665267,0.9705727798213347,0.0,0.0,1.0,816.0,408.0,2,2,0.0,816.0,SALE,408.0,0.0,1.0,330.0,0.0,330.0,
420,1058541,20190119,20200921,20200411,1624.0,406.0,470.0,470.0,4,6,0.0,1624.0,SALE,0.0,1241.0,383.0,0.0,1624.0,20190525,424.0,20200411,353.0,270.6666666666667,0.0,1.0,0.0,0.7641625615763546,0.23583743842364532,0.0,1.0,730.0,365.0,2,4,0.0,730.0,SALE,182.5,0.0,1.0,353.0,0.0,0.0,
421,1058678,20181020,20200921,20200912,1316.0,329.0,404.0,404.0,4,6,100.0,1216.0,SALE,537.0,779.0,0.0,0.0,1316.0,20190316,286.0,20200411,404.0,219.33333333333334,0.07598784194528875,0.9240121580547113,0.40805471124620063,0.5919452887537994,0.0,0.0,1.0,634.0,317.0,2,3,100.0,534.0,SALE,211.33333333333334,0.15772870662460567,0.8422712933753943,404.0,0.0,0.0,
422,1058815,20181020,20200921,20200829,5859.0,488.25,620.0,620.0,12,19,3691.0,2168.0,MIXED,766.0,4397.0,696.0,581.0,5278.0,20181027,484.0,20200822,440.0,308.36842105263156,0.6299709848096945,0.3700290151903055,0.1307390339648404,0.7504693633725892,0.11879160266257041,0.0991636798088411,0.9008363201911589,1971.0,492.75,4,6,1306.0,665.0,MIXED,328.5,0.6626078132927448,0.3373921867072552,806.0,1369.0,806.0,
423,1058952,20180929,20200921,20200822,1448.0,362.0,483.0,483.0,4,6,130.0,1318.0,SALE,1318.0,0.0,130.0,0.0,1448.0,20181027,483.0,20200314,308.0,241.33333333333334,0.08977900552486189,0.9102209944751382,0.9102209944751382,0.0,0.08977900552486189,0.0,1.0,308.0,308.0,1,1,0.0,308.0,SALE,308.0,0.0,1.0,0.0,,0.0,
424,1059089,20180922,20200921,20200905,579.0,289.5,308.0,308.0,2,5,266.0,313.0,SALE,259.0,54.0,266.0,0.0,579.0,20181013,308.0,20190518,271.0,115.8,0.459412780656304,0.540587219343696,0.4473229706390328,0.09326424870466321,0.459412780656304,0.0,1.0,0.0,0.0,0,0,0.0,0.0,UNKNOWN,0.0,0.0,0.0,0.0,,0.0,
425,1059226,20181013,20200921,20200905,753.0,376.5,424.0,424.0,2,2,0.0,753.0,SALE,0.0,753.0,0.0,0.0,753.0,20181215,329.0,20200829,424.0,376.5,0.0,1.0,0.0,1.0,0.0,0.0,1.0,424.0,424.0,1,1,0.0,424.0,SALE,424.0,0.0,1.0,424.0,0.0,424.0,
426,1059363,20181027,20200921,20200822,598.0,299.0,410.0,410.0,2,5,0.0,598.0,SALE,598.0,0.0,0.0,0.0,598.0,20190615,410.0,20200502,188.0,119.6,0.0,1.0,1.0,0.0,0.0,0.0,1.0,188.0,188.0,1,1,0.0,188.0,SALE,188.0,0.0,1.0,188.0,0.0,0.0,
427,1059500,20181110,20200921,20200620,670.0,335.0,360.0,360.0,2,3,0.0,670.0,SALE,359.0,311.0,0.0,360.0,310.0,20190112,310.0,20200125,360.0,223.33333333333334,0.0,1.0,0.5358208955223881,0.46417910447761196,0.0,0.5373134328358209,0.4626865671641791,360.0,360.0,1,2,0.0,360.0,SALE,180.0,0.0,1.0,0.0,,0.0,
428,1059637,20181110,20200921,20200919,1729.0,288.1666666666667,463.0,463.0,6,12,654.0,1075.0,SALE,123.0,1498.0,108.0,129.0,1600.0,20181124,176.0,20200912,391.0,144.08333333333334,0.3782533256217467,0.6217466743782534,0.07113938692886061,0.8663967611336032,0.06246385193753615,0.0746096009253904,0.9253903990746096,1326.0,331.5,4,7,415.0,911.0,SALE,189.42857142857142,0.3129713423831071,0.6870286576168929,983.0,20598.222222222223,983.0,
429,1059774,20181013,20200921,20190914,758.0,379.0,453.0,453.0,2,5,27.0,731.0,SALE,731.0,0.0,27.0,0.0,758.0,20181117,453.0,20190126,305.0,151.6,0.03562005277044855,0.9643799472295514,0.9643799472295514,0.0,0.03562005277044855,0.0,1.0,0.0,0.0,0,0,0.0,0.0,UNKNOWN,0.0,0.0,0.0,0.0,,0.0,
430,1059911,20190413,20200921,20200919,839.0,419.5,431.0,431.0,2,2,0.0,839.0,SALE,408.0,431.0,0.0,0.0,839.0,20200411,408.0,20200606,431.0,419.5,0.0,1.0,0.4862932061978546,0.5137067938021455,0.0,0.0,1.0,839.0,419.5,2,2,0.0,839.0,SALE,419.5,0.0,1.0,839.0,132.25,0.0,
431,1060048,20180929,20200921,20200829,1193.0,298.25,467.0,467.0,4,8,64.0,1129.0,MIXED,460.0,733.0,0.0,0.0,1193.0,20191005,208.0,20200711,467.0,149.125,0.053646269907795474,0.9463537300922046,0.38558256496227994,0.6144174350377201,0.0,0.0,1.0,1193.0,298.25,4,8,64.0,1129.0,MIXED,149.125,0.053646269907795474,0.9463537300922046,745.0,8930.25,467.0,
432,1060185,20180922,20200921,20200912,1496.0,374.0,466.0,466.0,4,6,0.0,1496.0,SALE,466.0,591.0,439.0,0.0,1496.0,20181020,421.0,20200912,306.0,249.33333333333334,0.0,1.0,0.3114973262032086,0.3950534759358289,0.2934491978609626,0.0,1.0,306.0,306.0,1,3,0.0,306.0,SALE,102.0,0.0,1.0,306.0,0.0,306.0,
433,1060322,20181124,20200921,20200912,2022.0,337.0,483.0,483.0,6,13,880.0,1142.0,SALE,693.0,1329.0,0.0,0.0,2022.0,20181229,371.0,20200516,405.0,155.53846153846155,0.4352126607319486,0.5647873392680515,0.3427299703264095,0.6572700296735905,0.0,0.0,1.0,1168.0,292.0,4,9,242.0,926.0,SALE,129.77777777777777,0.2071917808219178,0.7928082191780822,847.0,10606.22222222222,0.0,
434,1060459,20180929,20200921,20200912,1300.0,325.0,388.0,388.0,4,6,730.0,570.0,SALE,1195.0,0.0,105.0,0.0,1300.0,20180929,388.0,20200829,206.0,216.66666666666666,0.5615384615384615,0.43846153846153846,0.9192307692307692,0.0,0.08076923076923077,0.0,1.0,206.0,206.0,1,2,0.0,206.0,SALE,103.0,0.0,1.0,206.0,0.0,206.0,
435,1060596,20190504,20200921,20200530,734.0,367.0,398.0,398.0,2,7,0.0,734.0,SALE,713.0,0.0,21.0,0.0,734.0,20190720,336.0,20191221,398.0,104.85714285714286,0.0,1.0,0.9713896457765667,0.0,0.02861035422343324,0.0,1.0,398.0,398.0,1,4,0.0,398.0,SALE,99.5,0.0,1.0,0.0,,0.0,
436,1060733,20181110,20200921,20200509,1292.0,323.0,375.0,375.0,4,10,332.0,960.0,MIXED,122.0,562.0,608.0,0.0,1292.0,20190518,279.0,20200502,332.0,129.2,0.25696594427244585,0.7430340557275542,0.09442724458204334,0.43498452012383904,0.47058823529411764,0.0,1.0,638.0,319.0,2,2,332.0,306.0,MIXED,319.0,0.5203761755485894,0.47962382445141066,332.0,0.0,0.0,
437,1060870,20181229,20200921,20200718,2316.0,386.0,495.0,495.0,6,8,1961.0,355.0,FULL PRICE,0.0,2086.0,230.0,446.0,1870.0,20190209,495.0,20191214,377.0,289.5,0.8467184801381693,0.15328151986183075,0.0,0.9006908462867013,0.09930915371329879,0.192573402417962,0.8074265975820379,769.0,384.5,2,3,573.0,196.0,FULL PRICE,256.3333333333333,0.7451235370611183,0.25487646293888166,0.0,,0.0,
438,1061007,20181027,20200921,20200829,5526.0,394.7142857142857,517.0,517.0,14,21,4049.0,1477.0,FULL PRICE,5108.0,288.0,130.0,0.0,5526.0,20181124,398.0,20200829,345.0,263.14285714285717,0.7327180600796236,0.2672819399203764,0.9243575823380383,0.05211726384364821,0.023525153818313427,0.0,1.0,3017.0,377.125,8,14,2271.0,746.0,FULL PRICE,215.5,0.7527345044746437,0.24726549552535632,1625.0,1677.2,740.0,
439,1061144,20190302,20200921,20200725,407.0,203.5,204.0,204.0,2,3,0.0,407.0,SALE,0.0,204.0,203.0,0.0,407.0,20190615,203.0,20200118,204.0,135.66666666666666,0.0,1.0,0.0,0.5012285012285013,0.4987714987714988,0.0,1.0,204.0,204.0,1,2,0.0,204.0,SALE,102.0,0.0,1.0,0.0,,0.0,
440,1061281,20190713,20200921,20200905,1291.0,322.75,426.0,426.0,4,4,0.0,1291.0,SALE,1291.0,0.0,0.0,0.0,1291.0,20190727,352.0,20200808,265.0,322.75,0.0,1.0,1.0,0.0,0.0,0.0,1.0,939.0,313.0,3,3,0.0,939.0,SALE,313.0,0.0,1.0,939.0,6432.666666666667,513.0,
441,1061418,20181027,20200921,20200829,1172.0,293.0,431.0,431.0,4,6,289.0,883.0,SALE,326.0,698.0,148.0,0.0,1172.0,20181117,126.0,20200606,326.0,195.33333333333334,0.24658703071672355,0.7534129692832765,0.2781569965870307,0.5955631399317406,0.12627986348122866,0.0,1.0,757.0,378.5,2,4,0.0,757.0,SALE,189.25,0.0,1.0,326.0,0.0,0.0,
442,1061555,20180922,20200921,20200919,1962.0,327.0,557.0,557.0,6,9,220.0,1742.0,SALE,219.0,1670.0,73.0,0.0,1962.0,20190216,324.0,20200912,248.0,218.0,0.11213047910295616,0.8878695208970439,0.11162079510703364,0.8511722731906218,0.03720693170234455,0.0,1.0,583.0,291.5,2,5,220.0,363.0,SALE,116.6,0.37735849056603776,0.6226415094339622,583.0,1892.25,248.0,
443,1061692,20181006,20200921,20200822,2061.0,343.5,417.0,417.0,6,10,26.0,2035.0,SALE,549.0,1512.0,0.0,365.0,1696.0,20181013,271.0,20191214,410.0,206.1,0.012615235322658904,0.987384764677341,0.2663755458515284,0.7336244541484717,0.0,0.17709849587578846,0.8229015041242116,410.0,410.0,1,1,0.0,410.0,SALE,410.0,0.0,1.0,0.0,,0.0,
444,1061829,20181006,20200921,20200815,1301.0,325.25,402.0,402.0,4,5,334.0,967.0,SALE,711.0,505.0,85.0,0.0,1301.0,20190112,334.0,20200404,256.0,260.2,0.25672559569561876,0.7432744043043813,0.5465026902382782,0.388162951575711,0.06533435818601076,0.0,1.0,967.0,322.3333333333333,3,4,0.0,967.0,SALE,241.75,0.0,1.0,658.0,5329.0,0.0,
445,1061966,20181117,20200921,20200321,962.0,481.0,536.0,536.0,2,2,0.0,962.0,SALE,962.0,0.0,0.0,0.0,962.0,20190105,426.0,20191109,536.0,481.0,0.0,1.0,1.0,0.0,0.0,0.0,1.0,536.0,536.0,1,1,0.0,536.0,SALE,536.0,0.0,1.0,0.0,,0.0,
446,1062103,20190928,20200921,20200404,396.0,198.0,226.0,226.0,2,2,0.0,396.0,SALE,0.0,396.0,0.0,0.0,396.0,20191026,226.0,20200201,170.0,198.0,0.0,1.0,0.0,1.0,0.0,0.0,1.0,396.0,198.0,2,2,0.0,396.0,SALE,198.0,0.0,1.0,0.0,,0.0,
447,1062240,20190216,20200921,20200425,688.0,344.0,402.0,402.0,2,2,402.0,286.0,MIXED,0.0,286.0,402.0,0.0,688.0,20200125,402.0,20200321,286.0,344.0,0.5843023255813954,0.41569767441860467,0.0,0.41569767441860467,0.5843023255813954,0.0,1.0,688.0,344.0,2,2,402.0,286.0,MIXED,344.0,0.5843023255813954,0.41569767441860467,0.0,,0.0,
448,1062377,20180929,20200921,20200523,2158.0,359.6666666666667,550.0,550.0,6,14,991.0,1167.0,FULL PRICE,107.0,2047.0,4.0,0.0,2158.0,20181103,340.0,20200425,327.0,154.14285714285714,0.4592215013901761,0.540778498609824,0.04958294717330862,0.9485634847080631,0.0018535681186283596,0.0,1.0,1268.0,317.0,4,8,427.0,841.0,FULL PRICE,158.5,0.33675078864353314,0.6632492113564669,327.0,0.0,0.0,
449,1062514,20181013,20200921,20200627,1122.0,280.5,390.0,390.0,4,7,340.0,782.0,SALE,0.0,418.0,704.0,0.0,1122.0,20181020,314.0,20200516,390.0,160.28571428571428,0.30303030303030304,0.696969696969697,0.0,0.37254901960784315,0.6274509803921569,0.0,1.0,578.0,289.0,2,4,26.0,552.0,SALE,144.5,0.04498269896193772,0.9550173010380623,390.0,0.0,0.0,
450,1062651,20190209,20200921,20200822,1992.0,332.0,422.0,422.0,6,8,48.0,1944.0,SALE,1385.0,0.0,607.0,0.0,1992.0,20190720,358.0,20200530,384.0,249.0,0.024096385542168676,0.9759036144578314,0.695281124497992,0.0,0.30471887550200805,0.0,1.0,1343.0,335.75,4,6,48.0,1295.0,SALE,223.83333333333334,0.035740878629932984,0.964259121370067,573.0,9506.25,0.0,
451,1062788,20181006,20200921,20200808,1039.0,259.75,346.0,346.0,4,4,220.0,819.0,SALE,693.0,0.0,346.0,0.0,1039.0,20190202,220.0,20200711,261.0,259.75,0.21174205967276227,0.7882579403272377,0.6669874879692012,0.0,0.33301251203079885,0.0,1.0,607.0,303.5,2,2,0.0,607.0,SALE,303.5,0.0,1.0,607.0,1806.25,607.0,
452,1062925,20181201,20200921,20200912,1442.0,360.5,389.0,389.0,4,7,491.0,951.0,SALE,1442.0,0.0,0.0,0.0,1442.0,20181215,389.0,20200307,383.0,206.0,0.340499306518724,0.659500693481276,1.0,0.0,0.0,0.0,1.0,680.0,340.0,2,2,297.0,383.0,MIXED,340.0,0.43676470588235294,0.5632352941176471,0.0,,0.0,
453,1063062,20190406,20200921,20200919,604.0,302.0,381.0,381.0,2,2,0.0,604.0,SALE,604.0,0.0,0.0,0.0,604.0,20190629,381.0,20200912,223.0,302.0,0.0,1.0,1.0,0.0,0.0,0.0,1.0,223.0,223.0,1,1,0.0,223.0,SALE,223.0,0.0,1.0,223.0,0.0,223.0,
454,1063199,20181110,20200921,20200808,1976.0,329.3333333333333,479.0,479.0,6,8,699.0,1277.0,SALE,402.0,1574.0,0.0,0.0,1976.0,20181201,374.0,20200620,228.0,247.0,0.35374493927125505,0.646255060728745,0.2034412955465587,0.7965587044534413,0.0,0.0,1.0,630.0,315.0,2,2,402.0,228.0,MIXED,315.0,0.638095238095238,0.3619047619047619,228.0,0.0,0.0,
455,1063336,20181208,20200921,20200912,957.0,239.25,314.0,314.0,4,6,0.0,957.0,SALE,0.0,957.0,0.0,0.0,957.0,20181208,150.0,20190608,314.0,159.5,0.0,1.0,0.0,1.0,0.0,0.0,1.0,0.0,0.0,0,0,0.0,0.0,UNKNOWN,0.0,0.0,0.0,0.0,,0.0,
456,1063473,20180922,20200921,20200822,1930.0,321.6666666666667,409.0,409.0,6,13,58.0,1872.0,SALE,661.0,1240.0,29.0,0.0,1930.0,20190112,326.0,20200718,292.0,148.46153846153845,0.03005181347150259,0.9699481865284975,0.34248704663212437,0.6424870466321243,0.015025906735751295,0.0,1.0,1604.0,320.8,5,12,58.0,1546.0,SALE,133.66666666666666,0.03615960099750624,0.9638403990024937,701.0,3422.25,292.0,
457,1063610,20181201,20200921,20200919,2007.0,334.5,510.0,510.0,6,10,967.0,1040.0,SALE,2007.0,0.0,0.0,313.0,1694.0,20181201,510.0,20200808,313.0,200.7,0.48181365221723965,0.5181863477827603,1.0,0.0,0.0,0.15595416043846538,0.8440458395615347,877.0,292.3333333333333,3,3,263.0,614.0,SALE,292.3333333333333,0.2998859749144812,0.7001140250855188,576.0,625.0,313.0,
458,1063747,20181201,20200921,20200912,2142.0,357.0,437.0,437.0,6,9,383.0,1759.0,SALE,1071.0,1071.0,0.0,0.0,2142.0,20190309,359.0,20200815,391.0,238.0,0.1788048552754435,0.8211951447245565,0.5,0.5,0.0,0.0,1.0,1382.0,345.5,4,6,78.0,1304.0,SALE,230.33333333333334,0.056439942112879886,0.9435600578871202,945.0,8050.666666666667,391.0,
459,1063884,20190302,20200921,20200829,1205.0,301.25,310.0,310.0,4,5,0.0,1205.0,SALE,28.0,897.0,280.0,0.0,1205.0,20190720,308.0,20200801,310.0,241.0,0.0,1.0,0.023236514522821577,0.7443983402489627,0.23236514522821577,0.0,1.0,897.0,299.0,3,4,0.0,897.0,SALE,224.25,0.0,1.0,310.0,0.0,310.0,
460,1064021,20190316,20200921,20200919,518.0,259.0,314.0,314.0,2,2,0.0,518.0,SALE,314.0,204.0,0.0,0.0,518.0,20200208,204.0,20200704,314.0,259.0,0.0,1.0,0.6061776061776062,0.3938223938223938,0.0,0.0,1.0,518.0,259.0,2,2,0.0,518.0,SALE,259.0,0.0,1.0,314.0,0.0,314.0,
461,1064158,20181208,20200921,20200829,1923.0,320.5,428.0,428.0,6,8,0.0,1923.0,SALE,1260.0,0.0,663.0,0.0,1923.0,20181222,223.0,20191130,339.0,240.375,0.0,1.0,0.6552262090483619,0.0,0.34477379095163807,0.0,1.0,767.0,383.5,2,3,0.0,767.0,SALE,255.66666666666666,0.0,1.0,0.0,,0.0,
462,1064295,20181201,20200921,20200815,1248.0,312.0,395.0,395.0,4,6,120.0,1128.0,SALE,1224.0,0.0,24.0,0.0,1248.0,20181201,96.0,20200808,370.0,208.0,0.09615384615384616,0.9038461538461539,0.9807692307692307,0.0,0.019230769230769232,0.0,1.0,1152.0,384.0,3,5,120.0,1032.0,SALE,230.4,0.10416666666666667,0.8958333333333334,370.0,0.0,370.0,
463,1064432,20180922,20200921,20200627,2028.0,338.0,385.0,385.0,6,11,524.0,1504.0,SALE,530.0,1379.0,119.0,0.0,2028.0,20180922,358.0,20190706,330.0,184.36363636363637,0.2583826429980276,0.7416173570019724,0.2613412228796844,0.6799802761341223,0.058678500986193295,0.0,1.0,0.0,0.0,0,0,0.0,0.0,UNKNOWN,0.0,0.0,0.0,0.0,,0.0,
464,1064569,20180929,20200921,20200530,709.0,354.5,396.0,396.0,2,3,321.0,388.0,FULL PRICE,701.0,0.0,8.0,0.0,709.0,20180929,313.0,20190615,396.0,236.33333333333334,0.4527503526093089,0.5472496473906912,0.9887165021156559,0.0,0.011283497884344146,0.0,1.0,0.0,0.0,0,0,0.0,0.0,UNKNOWN,0.0,0.0,0.0,0.0,,0.0,
465,1064706,20190525,20200921,20190810,676.0,338.0,464.0,464.0,2,4,0.0,676.0,SALE,168.0,464.0,44.0,0.0,676.0,20190706,464.0,20190720,212.0,169.0,0.0,1.0,0.2485207100591716,0.6863905325443787,0.0650887573964497,0.0,1.0,0.0,0.0,0,0,0.0,0.0,UNKNOWN,0.0,0.0,0.0,0.0,,0.0,
466,1064843,20180929,20200921,20200530,1367.0,341.75,405.0,405.0,4,11,350.0,1017.0,MIXED,50.0,1314.0,3.0,0.0,1367.0,20190629,275.0,20200425,350.0,124.27272727272727,0.25603511338697876,0.7439648866130212,0.036576444769568395,0.9612289685442575,0.0021945866861741038,0.0,1.0,1092.0,364.0,3,7,350.0,742.0,MIXED,156.0,0.32051282051282054,0.6794871794871795,687.0,42.25,0.0,
467,1064980,20180922,20200921,20200613,1368.0,342.0,421.0,421.0,4,5,385.0,983.0,SALE,1368.0,0.0,0.0,0.0,1368.0,20181006,385.0,20200328,421.0,273.6,0.2814327485380117,0.7185672514619883,1.0,0.0,0.0,0.0,1.0,983.0,327.6666666666667,3,4,0.0,983.0,SALE,245.75,0.0,1.0,421.0,0.0,0.0,
468,1065117,20181215,20200921,20200704,710.0,355.0,418.0,418.0,2,4,0.0,710.0,SALE,427.0,283.0,0.0,418.0,292.0,20190330,292.0,20200125,418.0,177.5,0.0,1.0,0.6014084507042253,0.39859154929577467,0.0,0.5887323943661972,0.4112676056338028,418.0,418.0,1,1,0.0,418.0,SALE,418.0,0.0,1.0,0.0,,0.0,
469,1065254,20181229,20200921,20200905,3949.0,493.625,593.0,593.0,8,9,2421.0,1528.0,FULL PRICE,43.0,2990.0,916.0,435.0,3514.0,20181229,457.0,20200725,519.0,438.77777777777777,0.6130665991390225,0.38693340086097744,0.010888832615852115,0.7571537097999493,0.23195745758419853,0.1101544694859458,0.8898455305140542,2395.0,479.0,5,6,1917.0,478.0,FULL PRICE,399.1666666666667,0.8004175365344468,0.19958246346555322,916.0,3721.0,519.0,
470,1065391,20190309,20200921,20200905,1898.0,316.3333333333333,442.0,442.0,6,9,504.0,1394.0,SALE,410.0,1488.0,0.0,0.0,1898.0,20190601,442.0,20200627,431.0,210.88888888888889,0.2655426765015806,0.7344573234984194,0.2160168598524763,0.7839831401475237,0.0,0.0,1.0,758.0,379.0,2,2,327.0,431.0,MIXED,379.0,0.4313984168865435,0.5686015831134564,431.0,0.0,431.0,
471,1065528,20180922,20200921,20200919,5957.0,595.7,909.0,909.0,10,15,5394.0,563.0,FULL PRICE,4253.0,721.0,983.0,981.0,4976.0,20181013,721.0,20200822,728.0,397.1333333333333,0.9054893402719489,0.09451065972805103,0.71394997481954,0.12103407755581669,0.16501594762464328,0.16468020815846904,0.8353197918415309,3891.0,555.8571428571429,7,10,3328.0,563.0,FULL PRICE,389.1,0.8553071189925469,0.1446928810074531,1834.0,6886.222222222223,728.0,
472,1065665,20180922,20200921,20200222,657.0,328.5,402.0,402.0,2,3,0.0,657.0,SALE,255.0,402.0,0.0,0.0,657.0,20181229,255.0,20191130,402.0,219.0,0.0,1.0,0.3881278538812785,0.6118721461187214,0.0,0.0,1.0,402.0,402.0,1,1,0.0,402.0,SALE,402.0,0.0,1.0,0.0,,0.0,
473,1065802,20190309,20200921,20200905,1392.0,348.0,480.0,480.0,4,5,442.0,950.0,SALE,0.0,895.0,497.0,0.0,1392.0,20191012,281.0,20200829,343.0,278.4,0.3175287356321839,0.6824712643678161,0.0,0.6429597701149425,0.35704022988505746,0.0,1.0,1392.0,348.0,4,5,442.0,950.0,SALE,278.4,0.3175287356321839,0.6824712643678161,343.0,0.0,343.0,
474,1065939,20181027,20200921,20200822,4400.0,366.6666666666667,642.0,642.0,12,17,2610.0,1790.0,MIXED,3725.0,0.0,675.0,0.0,4400.0,20181027,352.0,20200822,379.0,258.8235294117647,0.5931818181818181,0.4068181818181818,0.8465909090909091,0.0,0.1534090909090909,0.0,1.0,1862.0,372.4,5,7,552.0,1310.0,MIXED,266.0,0.2964554242749731,0.7035445757250268,741.0,72.25,379.0,
475,1066076,20181013,20200921,20200530,2250.0,375.0,475.0,475.0,6,7,1203.0,1047.0,FULL PRICE,0.0,1398.0,852.0,475.0,1775.0,20181027,323.0,20200321,340.0,321.42857142857144,0.5346666666666666,0.4653333333333333,0.0,0.6213333333333333,0.37866666666666665,0.2111111111111111,0.7888888888888889,1547.0,386.75,4,4,1192.0,355.0,FULL PRICE,386.75,0.7705235940530059,0.22947640594699417,0.0,,0.0,
476,1066213,20190316,20200921,20200725,1063.0,265.75,325.0,325.0,4,9,419.0,644.0,SALE,828.0,235.0,0.0,0.0,1063.0,20190427,325.0,20200411,260.0,118.11111111111111,0.39416745061147695,0.605832549388523,0.7789275634995296,0.22107243650047037,0.0,0.0,1.0,260.0,260.0,1,3,58.0,202.0,SALE,86.66666666666667,0.2230769230769231,0.7769230769230769,260.0,0.0,0.0,
477,1066350,20181117,20200921,20200704,2024.0,337.3333333333333,400.0,400.0,6,10,930.0,1094.0,MIXED,1716.0,0.0,308.0,300.0,1724.0,20190105,362.0,20200613,334.0,202.4,0.45948616600790515,0.5405138339920948,0.8478260869565217,0.0,0.15217391304347827,0.1482213438735178,0.8517786561264822,1034.0,344.6666666666667,3,4,568.0,466.0,MIXED,258.5,0.5493230174081238,0.4506769825918762,334.0,0.0,0.0,
478,1066487,20190810,20200921,20200808,376.0,188.0,217.0,217.0,2,3,0.0,376.0,SALE,126.0,0.0,250.0,0.0,376.0,20190831,217.0,20200725,159.0,125.33333333333333,0.0,1.0,0.3351063829787234,0.0,0.6648936170212766,0.0,1.0,159.0,159.0,1,2,0.0,159.0,SALE,79.5,0.0,1.0,159.0,0.0,159.0,
479,1066624,20181124,20200921,20200815,1986.0,331.0,443.0,443.0,6,7,598.0,1388.0,SALE,1624.0,362.0,0.0,0.0,1986.0,20181201,362.0,20200613,443.0,283.7142857142857,0.3011077542799597,0.6988922457200403,0.8177240684793555,0.1822759315206445,0.0,0.0,1.0,443.0,443.0,1,1,0.0,443.0,SALE,443.0,0.0,1.0,443.0,0.0,0.0,
480,1066761,20190112,20200921,20200328,509.0,254.5,330.0,330.0,2,3,383.0,126.0,FULL PRICE,0.0,456.0,53.0,0.0,509.0,20190202,330.0,20190323,179.0,169.66666666666666,0.7524557956777996,0.2475442043222004,0.0,0.8958742632612967,0.10412573673870335,0.0,1.0,0.0,0.0,0,0,0.0,0.0,UNKNOWN,0.0,0.0,0.0,0.0,,0.0,
481,1066898,20181117,20200921,20200815,1112.0,278.0,374.0,374.0,4,7,616.0,496.0,MIXED,0.0,879.0,233.0,0.0,1112.0,20190202,186.0,20200411,374.0,158.85714285714286,0.5539568345323741,0.4460431654676259,0.0,0.7904676258992805,0.20953237410071943,0.0,1.0,374.0,374.0,1,1,374.0,0.0,FULL PRICE,374.0,1.0,0.0,374.0,0.0,0.0,
482,1067035,20181020,20200921,20200808,1985.0,330.8333333333333,377.0,377.0,6,8,616.0,1369.0,SALE,760.0,954.0,271.0,334.0,1651.0,20181201,377.0,20200627,372.0,248.125,0.3103274559193955,0.6896725440806045,0.38287153652392947,0.4806045340050378,0.13652392947103276,0.16826196473551638,0.8317380352644836,706.0,353.0,2,2,334.0,372.0,MIXED,353.0,0.4730878186968839,0.5269121813031161,706.0,361.0,372.0,
483,1067172,20180922,20200921,20200425,727.0,363.5,446.0,446.0,2,3,727.0,0.0,FULL PRICE,727.0,0.0,0.0,0.0,727.0,20181020,446.0,20200125,281.0,242.33333333333334,1.0,0.0,1.0,0.0,0.0,0.0,1.0,281.0,281.0,1,1,281.0,0.0,FULL PRICE,281.0,1.0,0.0,0.0,,0.0,
484,1067309,20180929,20200921,20200919,1723.0,287.1666666666667,548.0,548.0,6,9,893.0,830.0,SALE,409.0,1088.0,226.0,0.0,1723.0,20181027,260.0,20200905,168.0,191.44444444444446,0.518282066163668,0.481717933836332,0.23737666860127685,0.6314567614625652,0.13116656993615786,0.0,1.0,716.0,358.0,2,2,548.0,168.0,MIXED,358.0,0.7653631284916201,0.2346368715083799,168.0,0.0,168.0,
485,1067446,20181117,20200921,20200815,4627.0,462.7,618.0,618.0,10,17,4127.0,500.0,FULL PRICE,3111.0,964.0,552.0,447.0,4180.0,20181222,441.0,20200808,426.0,272.1764705882353,0.8919386211368057,0.1080613788631943,0.6723578992867949,0.2083423384482386,0.1192997622649665,0.0966068727036957,0.9033931272963043,3266.0,466.57142857142856,7,12,2878.0,388.0,FULL PRICE,272.1666666666667,0.8812002449479486,0.11879975505205144,1772.0,11137.0,426.0,
486,1067583,20181020,20200921,20190223,802.0,401.0,465.0,465.0,2,2,802.0,0.0,FULL PRICE,465.0,0.0,337.0,0.0,802.0,20181215,337.0,20190105,465.0,401.0,1.0,0.0,0.5798004987531172,0.0,0.42019950124688277,0.0,1.0,0.0,0.0,0,0,0.0,0.0,UNKNOWN,0.0,0.0,0.0,0.0,,0.0,
487,1067720,20180929,20200921,20200912,2326.0,387.6666666666667,526.0,526.0,6,6,1381.0,945.0,FULL PRICE,1203.0,1123.0,0.0,526.0,1800.0,20180929,284.0,20200815,313.0,387.6666666666667,0.5937231298366294,0.4062768701633706,0.5171969045571797,0.4828030954428203,0.0,0.22613929492691315,0.7738607050730868,732.0,366.0,2,2,313.0,419.0,MIXED,366.0,0.4275956284153005,0.5724043715846995,313.0,0.0,313.0,
488,1067857,20180929,20200921,20200523,2149.0,358.1666666666667,514.0,514.0,6,9,916.0,1233.0,SALE,663.0,1486.0,0.0,0.0,2149.0,20181006,514.0,20200314,450.0,238.77777777777777,0.42624476500698,0.5737552349930201,0.3085155886458818,0.6914844113541182,0.0,0.0,1.0,999.0,333.0,3,6,402.0,597.0,SALE,166.5,0.4024024024024024,0.5975975975975976,0.0,,0.0,
489,1067994,20190928,20200921,20200919,888.0,444.0,486.0,486.0,2,5,194.0,694.0,FULL PRICE,888.0,0.0,0.0,0.0,888.0,20200222,402.0,20200725,486.0,177.6,0.21846846846846846,0.7815315315315315,1.0,0.0,0.0,0.0,1.0,888.0,444.0,2,5,194.0,694.0,FULL PRICE,177.6,0.21846846846846846,0.7815315315315315,486.0,0.0,486.0,
490,1068131,20191123,20200921,20200829,512.0,256.0,271.0,271.0,2,5,21.0,491.0,MIXED,512.0,0.0,0.0,0.0,512.0,20200613,241.0,20200620,271.0,102.4,0.041015625,0.958984375,1.0,0.0,0.0,0.0,1.0,512.0,256.0,2,5,21.0,491.0,MIXED,102.4,0.041015625,0.958984375,512.0,225.0,0.0,
491,1068268,20190216,20200921,20200516,648.0,324.0,354.0,354.0,2,6,296.0,352.0,SALE,27.0,607.0,14.0,0.0,648.0,20190330,354.0,20200411,294.0,108.0,0.4567901234567901,0.5432098765432098,0.041666666666666664,0.9367283950617284,0.021604938271604937,0.0,1.0,294.0,294.0,1,1,0.0,294.0,SALE,294.0,0.0,1.0,294.0,0.0,0.0,
492,1068405,20180922,20200921,20200530,2058.0,343.0,464.0,464.0,6,8,926.0,1132.0,SALE,1664.0,0.0,394.0,340.0,1718.0,20180922,394.0,20200502,354.0,257.25,0.4499514091350826,0.5500485908649174,0.8085519922254616,0.0,0.19144800777453838,0.1652089407191448,0.8347910592808552,949.0,316.3333333333333,3,3,340.0,609.0,SALE,316.3333333333333,0.3582718651211802,0.6417281348788199,609.0,2450.25,0.0,
493,1068542,20181117,20200921,20200912,1819.0,303.1666666666667,503.0,503.0,6,8,309.0,1510.0,MIXED,357.0,779.0,683.0,0.0,1819.0,20190105,357.0,20200905,503.0,227.375,0.16987355689939526,0.8301264431006047,0.19626168224299065,0.4282572842221001,0.3754810335349093,0.0,1.0,1462.0,292.4,5,7,309.0,1153.0,MIXED,208.85714285714286,0.21135430916552667,0.7886456908344733,1010.0,14170.888888888889,779.0,
494,1068679,20190202,20200921,20200822,497.0,248.5,279.0,279.0,2,5,0.0,497.0,SALE,303.0,194.0,0.0,0.0,497.0,20190727,279.0,20200822,218.0,99.4,0.0,1.0,0.6096579476861167,0.3903420523138833,0.0,0.0,1.0,218.0,218.0,1,3,0.0,218.0,SALE,72.66666666666667,0.0,1.0,218.0,0.0,218.0,
495,1068816,20181117,20200921,20200620,663.0,331.5,355.0,355.0,2,2,0.0,663.0,SALE,308.0,355.0,0.0,0.0,663.0,20181117,308.0,20190316,355.0,331.5,0.0,1.0,0.4645550527903469,0.5354449472096531,0.0,0.0,1.0,0.0,0.0,0,0,0.0,0.0,UNKNOWN,0.0,0.0,0.0,0.0,,0.0,
496,1068953,20190427,20200921,20200530,617.0,308.5,329.0,329.0,2,4,0.0,617.0,SALE,93.0,378.0,146.0,0.0,617.0,20190914,288.0,20200118,329.0,154.25,0.0,1.0,0.1507293354943274,0.6126418152350082,0.2366288492706645,0.0,1.0,329.0,329.0,1,3,0.0,329.0,SALE,109.66666666666667,0.0,1.0,0.0,,0.0,
497,1069090,20190309,20200921,20200606,2238.0,373.0,454.0,454.0,6,7,675.0,1563.0,SALE,269.0,1107.0,862.0,0.0,2238.0,20190309,222.0,20200418,269.0,319.7142857142857,0.30160857908847183,0.6983914209115282,0.12019660411081323,0.49463806970509383,0.38516532618409294,0.0,1.0,723.0,361.5,2,3,0.0,723.0,SALE,241.0,0.0,1.0,269.0,0.0,0.0,
498,1069227,20190209,20200921,20200912,577.0,288.5,314.0,314.0,2,2,263.0,314.0,MIXED,577.0,0.0,0.0,0.0,577.0,20190216,263.0,20200725,314.0,288.5,0.4558058925476603,0.5441941074523396,1.0,0.0,0.0,0.0,1.0,314.0,314.0,1,1,0.0,314.0,SALE,314.0,0.0,1.0,314.0,0.0,314.0,
499,1069364,20181013,20200921,20200912,1836.0,306.0,406.0,406.0,6,16,547.0,1289.0,SALE,1312.0,192.0,332.0,0.0,1836.0,20190216,406.0,20200912,333.0,114.75,0.29793028322440085,0.7020697167755992,0.7145969498910676,0.10457516339869281,0.18082788671023964,0.0,1.0,1430.0,286.0,5,11,546.0,884.0,SALE,130.0,0.38181818181818183,0.6181818181818182,805.0,2101.555555555555,805.0,
500,1069501,20181124,20200921,20191221,624.0,312.0,335.0,335.0,2,2,0.0,624.0,SALE,624.0,0.0,0.0,0.0,624.0,20190126,289.0,20190803,335.0,312.0,0.0,1.0,1.0,0.0,0.0,0.0,1.0,0.0,0.0,0,0,0.0,0.0,UNKNOWN,0.0,0.0,0.0,0.0,,0.0,
501,1069638,20190309,20200921,20200314,556.0,278.0,329.0,329.0,2,3,80.0,476.0,MIXED,0.0,476.0,80.0,0.0,556.0,20190330,329.0,20200222,227.0,185.33333333333334,0.14388489208633093,0.8561151079136691,0.0,0.8561151079136691,0.14388489208633093,0.0,1.0,227.0,227.0,1,2,80.0,147.0,MIXED,113.5,0.3524229074889868,0.6475770925110133,0.0,,0.0,
502,1069775,20181124,20200921,20200118,1186.0,296.5,375.0,375.0,4,7,483.0,703.0,SALE,0.0,778.0,408.0,0.0,1186.0,20181124,362.0,20190914,90.0,169.42857142857142,0.4072512647554806,0.5927487352445194,0.0,0.6559865092748736,0.3440134907251265,0.0,1.0,0.0,0.0,0,0,0.0,0.0,UNKNOWN,0.0,0.0,0.0,0.0,,0.0,
503,1069912,20181117,20200921,20200829,2255.0,375.8333333333333,438.0,438.0,6,9,622.0,1633.0,FULL PRICE,441.0,1814.0,0.0,0.0,2255.0,20190511,298.0,20200829,406.0,250.55555555555554,0.27583148558758314,0.7241685144124168,0.19556541019955653,0.8044345898004435,0.0,0.0,1.0,1231.0,410.3333333333333,3,5,86.0,1145.0,FULL PRICE,246.2,0.06986190089358245,0.9301380991064175,406.0,0.0,406.0,
504,1070049,20181006,20200921,20200620,1195.0,298.75,344.0,344.0,4,7,344.0,851.0,MIXED,1195.0,0.0,0.0,0.0,1195.0,20181020,256.0,20191207,270.0,170.71428571428572,0.2878661087866109,0.7121338912133891,1.0,0.0,0.0,0.0,1.0,614.0,307.0,2,3,344.0,270.0,MIXED,204.66666666666666,0.5602605863192183,0.43973941368078173,0.0,,0.0,
505,1070186,20190119,20200921,20200111,1823.0,455.75,596.0,596.0,4,5,1227.0,596.0,FULL PRICE,0.0,1369.0,454.0,1050.0,773.0,20190119,596.0,20191130,509.0,364.6,0.6730663741086121,0.3269336258913878,0.0,0.7509599561162918,0.24904004388370818,0.575973669775096,0.424026330224904,509.0,509.0,1,1,509.0,0.0,FULL PRICE,509.0,1.0,0.0,0.0,,0.0,
506,1070323,20181110,20200921,20200627,1716.0,286.0,345.0,345.0,6,8,513.0,1203.0,SALE,1380.0,0.0,336.0,0.0,1716.0,20181215,319.0,20200606,345.0,214.5,0.29895104895104896,0.701048951048951,0.8041958041958042,0.0,0.1958041958041958,0.0,1.0,906.0,302.0,3,3,0.0,906.0,SALE,302.0,0.0,1.0,345.0,0.0,0.0,
507,1070460,20190706,20200921,20200919,2565.0,427.5,564.0,564.0,6,9,949.0,1616.0,SALE,0.0,2108.0,457.0,0.0,2565.0,20190824,539.0,20200808,310.0,285.0,0.3699805068226121,0.6300194931773879,0.0,0.8218323586744639,0.17816764132553606,0.0,1.0,2026.0,405.2,5,7,949.0,1077.0,SALE,289.42857142857144,0.4684106614017769,0.5315893385982231,1005.0,650.0,310.0,
508,1070597,20180922,20200921,20200829,1924.0,320.6666666666667,432.0,432.0,6,12,346.0,1578.0,SALE,509.0,1415.0,0.0,0.0,1924.0,20180922,327.0,20200801,432.0,160.33333333333334,0.17983367983367984,0.8201663201663202,0.26455301455301455,0.7354469854469855,0.0,0.0,1.0,1018.0,339.3333333333333,3,9,2.0,1016.0,SALE,113.11111111111111,0.0019646365422396855,0.9980353634577603,791.0,1332.25,432.0,
509,1070734,20181020,20200921,20200718,3348.0,418.5,584.0,584.0,8,15,1822.0,1526.0,FULL PRICE,2834.0,452.0,62.0,360.0,2988.0,20190105,584.0,20200704,360.0,223.2,0.544205495818399,0.45579450418160095,0.8464755077658304,0.13500597371565112,0.018518518518518517,0.10752688172043011,0.8924731182795699,1500.0,375.0,4,10,1279.0,221.0,FULL PRICE,150.0,0.8526666666666667,0.14733333333333334,720.0,0.0,360.0,
510,1070871,20181006,20200921,20200912,801.0,400.5,415.0,415.0,2,3,130.0,671.0,SALE,285.0,516.0,0.0,415.0,386.0,20181103,415.0,20200606,386.0,267.0,0.16229712858926343,0.8377028714107366,0.35580524344569286,0.6441947565543071,0.0,0.5181023720349563,0.4818976279650437,386.0,386.0,1,1,0.0,386.0,SALE,386.0,0.0,1.0,386.0,0.0,0.0,
511,1071008,20181229,20200921,20191026,1286.0,321.5,373.0,373.0,4,4,0.0,1286.0,SALE,602.0,684.0,0.0,0.0,1286.0,20190406,373.0,20191005,343.0,321.5,0.0,1.0,0.4681181959564541,0.5318818040435459,0.0,0.0,1.0,654.0,327.0,2,2,0.0,654.0,SALE,327.0,0.0,1.0,0.0,,0.0,
512,1071145,20181103,20200921,20200919,6469.0,462.07142857142856,604.0,604.0,14,22,3969.0,2500.0,FULL PRICE,5732.0,303.0,434.0,876.0,5593.0,20181103,434.0,20200627,211.0,294.04545454545456,0.613541505642294,0.38645849435770596,0.8860720358633483,0.04683876951615396,0.06708919462049776,0.1354150564229402,0.8645849435770598,4258.0,473.1111111111111,9,15,3043.0,1215.0,FULL PRICE,283.8666666666667,0.7146547674964773,0.2853452325035228,1896.0,23749.5,211.0,
513,1071282,20181013,20200921,20200912,1176.0,294.0,386.0,386.0,4,6,262.0,914.0,MIXED,1176.0,0.0,0.0,0.0,1176.0,20181215,206.0,20200912,324.0,196.0,0.2227891156462585,0.7772108843537415,1.0,0.0,0.0,0.0,1.0,970.0,323.3333333333333,3,5,262.0,708.0,MIXED,194.0,0.27010309278350514,0.7298969072164948,584.0,1024.0,324.0,
514,1071419,20191130,20200921,20200718,1536.0,384.0,451.0,451.0,4,9,321.0,1215.0,SALE,135.0,1401.0,0.0,0.0,1536.0,20200208,261.0,20200620,387.0,170.66666666666666,0.208984375,0.791015625,0.087890625,0.912109375,0.0,0.0,1.0,1536.0,384.0,4,9,321.0,1215.0,SALE,170.66666666666666,0.208984375,0.791015625,387.0,0.0,0.0,
515,1071556,20180929,20200921,20200613,727.0,363.5,404.0,404.0,2,2,323.0,404.0,MIXED,0.0,727.0,0.0,0.0,727.0,20190330,404.0,20191005,323.0,363.5,0.4442916093535076,0.5557083906464925,0.0,1.0,0.0,0.0,1.0,323.0,323.0,1,1,323.0,0.0,FULL PRICE,323.0,1.0,0.0,0.0,,0.0,
516,1071693,20180922,20200921,20200815,1195.0,298.75,367.0,367.0,4,6,161.0,1034.0,SALE,0.0,828.0,367.0,0.0,1195.0,20181117,267.0,20200627,296.0,199.16666666666666,0.13472803347280335,0.8652719665271966,0.0,0.6928870292887029,0.30711297071129706,0.0,1.0,296.0,296.0,1,1,0.0,296.0,SALE,296.0,0.0,1.0,296.0,0.0,296.0,
517,1071830,20181229,20200921,20191109,878.0,439.0,552.0,552.0,2,2,0.0,878.0,SALE,0.0,878.0,0.0,0.0,878.0,20190112,326.0,20191026,552.0,439.0,0.0,1.0,0.0,1.0,0.0,0.0,1.0,552.0,552.0,1,1,0.0,552.0,SALE,552.0,0.0,1.0,0.0,,0.0,
518,1071967,20180922,20200921,20191214,647.0,323.5,396.0,396.0,2,3,200.0,447.0,SALE,451.0,0.0,196.0,0.0,647.0,20190105,396.0,20190209,251.0,215.66666666666666,0.3091190108191654,0.6908809891808346,0.6970633693972179,0.0,0.3029366306027821,0.0,1.0,0.0,0.0,0,0,0.0,0.0,UNKNOWN,0.0,0.0,0.0,0.0,,0.0,
519,1072104,20181006,20200921,20200905,6717.0,479.7857142857143,636.0,636.0,14,23,3719.0,2998.0,MIXED,1214.0,5447.0,56.0,1380.0,5337.0,20181020,413.0,20200905,460.0,292.04347826086956,0.5536697930623791,0.446330206937621,0.18073544737233885,0.8109274973946703,0.00833705523299092,0.20544886109870478,0.7945511389012953,3120.0,445.7142857142857,7,10,1837.0,1283.0,MIXED,312.0,0.5887820512820513,0.4112179487179487,2248.0,2920.2400000000002,1779.0,
520,1072241,20181020,20200921,20200912,1868.0,311.3333333333333,393.0,393.0,6,9,647.0,1221.0,FULL PRICE,481.0,1387.0,0.0,393.0,1475.0,20190223,294.0,20200711,393.0,207.55555555555554,0.34635974304068523,0.6536402569593148,0.2574946466809422,0.7425053533190579,0.0,0.21038543897216275,0.7896145610278372,1231.0,307.75,4,5,647.0,584.0,FULL PRICE,246.2,0.5255889520714866,0.4744110479285134,990.0,3752.6666666666665,640.0,
521,1072378,20181103,20200921,20200829,1870.0,311.6666666666667,495.0,495.0,6,8,36.0,1834.0,SALE,1527.0,73.0,270.0,0.0,1870.0,20181215,189.0,20200829,378.0,233.75,0.019251336898395723,0.9807486631016042,0.8165775401069518,0.039037433155080216,0.1443850267379679,0.0,1.0,1186.0,296.5,4,6,36.0,1150.0,SALE,197.66666666666666,0.03035413153456998,0.96964586846543,684.0,1296.0,378.0,
522,1072515,20190302,20200921,20200905,500.0,250.0,265.0,265.0,2,3,65.0,435.0,SALE,235.0,265.0,0.0,0.0,500.0,20190810,265.0,20200822,235.0,166.66666666666666,0.13,0.87,0.47,0.53,0.0,0.0,1.0,235.0,235.0,1,2,65.0,170.0,MIXED,117.5,0.2765957446808511,0.723404255319149,235.0,0.0,235.0,
523,1072652,20181103,20200921,20200808,2049.0,341.5,401.0,401.0,6,13,819.0,1230.0,SALE,316.0,1733.0,0.0,1050.0,999.0,20181124,374.0,20200404,401.0,157.6153846153846,0.39970717423133234,0.6002928257686676,0.15422157149829185,0.8457784285017081,0.0,0.5124450951683748,0.48755490483162517,1120.0,373.3333333333333,3,8,402.0,718.0,SALE,140.0,0.35892857142857143,0.6410714285714286,401.0,0.0,0.0,
524,1072789,20181027,20200921,20200509,1398.0,349.5,470.0,470.0,4,8,509.0,889.0,MIXED,229.0,1044.0,125.0,0.0,1398.0,20190202,288.0,20200314,470.0,174.75,0.36409155937052934,0.6359084406294707,0.16380543633762518,0.7467811158798283,0.08941344778254649,0.0,1.0,777.0,388.5,2,5,509.0,268.0,MIXED,155.4,0.6550836550836551,0.34491634491634493,0.0,,0.0,
525,1072926,20190316,20200921,20200509,706.0,353.0,413.0,413.0,2,2,0.0,706.0,SALE,706.0,0.0,0.0,0.0,706.0,20200222,293.0,20200314,413.0,353.0,0.0,1.0,1.0,0.0,0.0,0.0,1.0,706.0,353.0,2,2,0.0,706.0,SALE,353.0,0.0,1.0,0.0,,0.0,
526,1073063,20190601,20200921,20200905,1112.0,278.0,357.0,357.0,4,7,61.0,1051.0,FULL PRICE,137.0,975.0,0.0,215.0,897.0,20190608,357.0,20200606,198.0,158.85714285714286,0.05485611510791367,0.9451438848920863,0.12320143884892086,0.8767985611510791,0.0,0.19334532374100719,0.8066546762589928,198.0,198.0,1,3,61.0,137.0,FULL PRICE,66.0,0.30808080808080807,0.6919191919191919,198.0,0.0,0.0,
527,1073200,20190105,20200921,20200328,799.0,399.5,431.0,431.0,2,2,0.0,799.0,SALE,431.0,368.0,0.0,0.0,799.0,20190302,368.0,20190727,431.0,399.5,0.0,1.0,0.5394242803504381,0.46057571964956195,0.0,0.0,1.0,0.0,0.0,0,0,0.0,0.0,UNKNOWN,0.0,0.0,0.0,0.0,,0.0,
528,1073337,20181027,20200921,20200201,1348.0,337.0,366.0,366.0,4,6,329.0,1019.0,SALE,1114.0,0.0,234.0,0.0,1348.0,20181110,290.0,20190914,363.0,224.66666666666666,0.24406528189910978,0.7559347181008902,0.8264094955489614,0.0,0.17359050445103857,0.0,1.0,0.0,0.0,0,0,0.0,0.0,UNKNOWN,0.0,0.0,0.0,0.0,,0.0,
529,1073474,20181006,20200921,20200919,4698.0,469.8,665.0,665.0,10,13,3299.0,1399.0,FULL PRICE,0.0,3787.0,911.0,457.0,4241.0,20181006,457.0,20200808,525.0,361.38461538461536,0.7022137079608344,0.2977862920391656,0.0,0.8060876968922946,0.1939123031077054,0.09727543635589612,0.9027245636441039,1705.0,426.25,4,5,1459.0,246.0,FULL PRICE,341.0,0.8557184750733138,0.14428152492668622,1145.0,13002.888888888889,899.0,
530,1073611,20200418,20200921,20200718,573.0,286.5,363.0,363.0,2,3,131.0,442.0,SALE,232.0,210.0,131.0,0.0,573.0,20200627,363.0,20200704,210.0,191.0,0.2286212914485166,0.7713787085514834,0.4048865619546248,0.36649214659685864,0.2286212914485166,0.0,1.0,573.0,286.5,2,3,131.0,442.0,SALE,191.0,0.2286212914485166,0.7713787085514834,573.0,5852.25,573.0,
531,1073748,20190323,20200921,20200613,594.0,297.0,313.0,313.0,2,4,0.0,594.0,SALE,266.0,159.0,169.0,313.0,281.0,20190615,313.0,20200125,281.0,148.5,0.0,1.0,0.4478114478114478,0.2676767676767677,0.2845117845117845,0.5269360269360269,0.4730639730639731,281.0,281.0,1,2,0.0,281.0,SALE,140.5,0.0,1.0,0.0,,0.0,
532,1073885,20190504,20200921,20200801,927.0,463.5,511.0,511.0,2,6,153.0,774.0,SALE,911.0,0.0,16.0,416.0,511.0,20200104,511.0,20200328,416.0,154.5,0.1650485436893204,0.8349514563106796,0.982740021574973,0.0,0.017259978425026967,0.4487594390507012,0.5512405609492989,927.0,463.5,2,6,153.0,774.0,SALE,154.5,0.1650485436893204,0.8349514563106796,416.0,0.0,0.0,
533,1074022,20190202,20200921,20200509,1502.0,375.5,555.0,555.0,4,8,1012.0,490.0,SALE,1455.0,0.0,47.0,0.0,1502.0,20190223,159.0,20200509,443.0,187.75,0.6737683089214381,0.3262316910785619,0.9687083888149135,0.0,0.031291611185086554,0.0,1.0,1343.0,447.6666666666667,3,7,853.0,490.0,SALE,191.85714285714286,0.6351451973194341,0.3648548026805659,998.0,3136.0,0.0,
534,1074159,20180922,20200921,20200919,1954.0,325.6666666666667,461.0,461.0,6,11,731.0,1223.0,SALE,1954.0,0.0,0.0,0.0,1954.0,20181006,179.0,20200627,461.0,177.63636363636363,0.3741044012282497,0.6258955987717503,1.0,0.0,0.0,0.0,1.0,772.0,386.0,2,4,0.0,772.0,SALE,193.0,0.0,1.0,772.0,5625.0,461.0,
535,1074296,20180922,20200921,20200912,1794.0,299.0,413.0,413.0,6,12,399.0,1395.0,SALE,582.0,1177.0,35.0,0.0,1794.0,20180929,330.0,20200912,272.0,149.5,0.22240802675585283,0.7775919732441472,0.32441471571906355,0.6560758082497213,0.01950947603121516,0.0,1.0,1047.0,349.0,3,3,0.0,1047.0,SALE,349.0,0.0,1.0,1047.0,3398.0,1047.0,
536,1074433,20190202,20200921,20200919,2110.0,351.6666666666667,450.0,450.0,6,7,0.0,2110.0,SALE,308.0,1802.0,0.0,0.0,2110.0,20190413,386.0,20200801,386.0,301.42857142857144,0.0,1.0,0.14597156398104266,0.8540284360189574,0.0,0.0,1.0,974.0,324.6666666666667,3,3,0.0,974.0,SALE,324.6666666666667,0.0,1.0,386.0,0.0,386.0,
537,1074570,20190323,20200921,20200718,1288.0,322.0,367.0,367.0,4,10,392.0,896.0,MIXED,102.0,1164.0,22.0,367.0,921.0,20190727,367.0,20200125,358.0,128.8,0.30434782608695654,0.6956521739130435,0.07919254658385093,0.9037267080745341,0.017080745341614908,0.28493788819875776,0.7150621118012422,597.0,298.5,2,6,25.0,572.0,MIXED,99.5,0.04187604690117253,0.9581239530988275,0.0,,0.0,
538,1074707,20180922,20200921,20200905,903.0,451.5,491.0,491.0,2,3,0.0,903.0,SALE,903.0,0.0,0.0,491.0,412.0,20190216,412.0,20200905,491.0,301.0,0.0,1.0,1.0,0.0,0.0,0.5437430786267996,0.45625692137320045,491.0,491.0,1,2,0.0,491.0,SALE,245.5,0.0,1.0,491.0,0.0,491.0,
539,1074844,20181215,20200921,20200411,646.0,323.0,372.0,372.0,2,3,37.0,609.0,MIXED,609.0,37.0,0.0,0.0,646.0,20190803,274.0,20191116,372.0,215.33333333333334,0.05727554179566564,0.9427244582043344,0.9427244582043344,0.05727554179566564,0.0,0.0,1.0,372.0,372.0,1,2,37.0,335.0,MIXED,186.0,0.09946236559139784,0.9005376344086021,0.0,,0.0,
540,1074981,20180929,20200921,20200829,5588.0,399.14285714285717,529.0,529.0,14,19,4481.0,1107.0,FULL PRICE,5166.0,0.0,422.0,859.0,4729.0,20181013,421.0,20200808,500.0,294.10526315789474,0.8018969219756621,0.19810307802433785,0.9244810307802434,0.0,0.07551896921975662,0.15372226198997851,0.8462777380100215,2643.0,440.5,6,11,2136.0,507.0,FULL PRICE,240.27272727272728,0.8081725312145289,0.19182746878547105,935.0,1056.25,500.0,
541,1075118,20180929,20200921,20200919,1913.0,318.8333333333333,494.0,494.0,6,9,340.0,1573.0,SALE,277.0,1636.0,0.0,0.0,1913.0,20181208,494.0,20200829,367.0,212.55555555555554,0.17773131207527443,0.8222686879247255,0.1447987454260324,0.8552012545739676,0.0,0.0,1.0,569.0,284.5,2,2,0.0,569.0,SALE,284.5,0.0,1.0,569.0,6806.25,367.0,
542,1075255,20181013,20200921,20200822,1128.0,282.0,376.0,376.0,4,9,5.0,1123.0,SALE,75.0,822.0,231.0,0.0,1128.0,20190105,376.0,20200822,350.0,125.33333333333333,0.004432624113475178,0.9955673758865248,0.06648936170212766,0.7287234042553191,0.2047872340425532,0.0,1.0,752.0,250.66666666666666,3,8,5.0,747.0,SALE,94.0,0.006648936170212766,0.9933510638297872,350.0,0.0,350.0,
543,1075392,20180922,20200921,20200620,1318.0,329.5,420.0,420.0,4,6,212.0,1106.0,SALE,528.0,790.0,0.0,0.0,1318.0,20181027,316.0,20200620,263.0,219.66666666666666,0.16084977238239756,0.8391502276176024,0.4006069802731411,0.5993930197268589,0.0,0.0,1.0,263.0,263.0,1,1,0.0,263.0,SALE,263.0,0.0,1.0,263.0,0.0,0.0,
544,1075529,20181006,20200921,20200829,4091.0,409.1,600.0,600.0,10,20,1990.0,2101.0,SALE,458.0,2915.0,718.0,0.0,4091.0,20181013,385.0,20200620,339.0,204.55,0.48643363480811536,0.5135663651918846,0.11195306770960645,0.7125397213395258,0.17550721095086777,0.0,1.0,1285.0,428.3333333333333,3,4,514.0,771.0,SALE,321.25,0.4,0.6,339.0,0.0,0.0,
545,1075666,20180922,20200921,20200919,1247.0,311.75,365.0,365.0,4,6,304.0,943.0,MIXED,1219.0,0.0,28.0,0.0,1247.0,20180929,365.0,20200711,242.0,207.83333333333334,0.243785084202085,0.756214915797915,0.9775461106655974,0.0,0.022453889334402566,0.0,1.0,518.0,259.0,2,3,304.0,214.0,FULL PRICE,172.66666666666666,0.5868725868725869,0.41312741312741313,242.0,0.0,242.0,
546,1075803,20181117,20200921,20200822,1312.0,328.0,351.0,351.0,4,12,216.0,1096.0,SALE,90.0,1160.0,62.0,0.0,1312.0,20181201,350.0,20200822,351.0,109.33333333333333,0.16463414634146342,0.8353658536585366,0.06859756097560976,0.8841463414634146,0.04725609756097561,0.0,1.0,625.0,312.5,2,6,0.0,625.0,SALE,104.16666666666667,0.0,1.0,625.0,1482.25,625.0,
547,1075940,20181110,20200921,20200613,1534.0,383.5,506.0,506.0,4,6,309.0,1225.0,SALE,969.0,0.0,565.0,440.0,1094.0,20181110,279.0,20200314,506.0,255.66666666666666,0.2014341590612777,0.7985658409387223,0.6316818774445893,0.0,0.3683181225554107,0.28683181225554105,0.7131681877444589,506.0,506.0,1,3,0.0,506.0,SALE,168.66666666666666,0.0,1.0,0.0,,0.0,
548,1076077,20181201,20200921,20200919,1445.0,361.25,400.0,400.0,4,7,557.0,888.0,SALE,1178.0,0.0,267.0,393.0,1052.0,20190202,400.0,20200912,393.0,206.42857142857142,0.3854671280276817,0.6145328719723183,0.8152249134948096,0.0,0.1847750865051903,0.27197231833910035,0.7280276816608997,720.0,360.0,2,4,234.0,486.0,SALE,180.0,0.325,0.675,720.0,1089.0,720.0,
549,1076214,20181117,20200921,20200620,2306.0,384.3333333333333,444.0,444.0,6,15,890.0,1416.0,SALE,954.0,1352.0,0.0,369.0,1937.0,20190316,369.0,20200502,365.0,153.73333333333332,0.38594969644405897,0.614050303555941,0.4137033824804857,0.5862966175195143,0.0,0.16001734605377277,0.8399826539462273,1060.0,353.3333333333333,3,9,594.0,466.0,SALE,117.77777777777777,0.560377358490566,0.439622641509434,365.0,0.0,0.0,
550,1076351,20180922,20200921,20191207,763.0,381.5,460.0,460.0,2,4,211.0,552.0,SALE,329.0,434.0,0.0,0.0,763.0,20180922,303.0,20190928,460.0,190.75,0.2765399737876802,0.7234600262123198,0.43119266055045874,0.5688073394495413,0.0,0.0,1.0,460.0,460.0,1,2,0.0,460.0,SALE,230.0,0.0,1.0,0.0,,0.0,
551,1076488,20181013,20200921,20200815,618.0,309.0,311.0,311.0,2,4,288.0,330.0,SALE,311.0,307.0,0.0,0.0,618.0,20181020,311.0,20200718,307.0,154.5,0.46601941747572817,0.5339805825242718,0.5032362459546925,0.4967637540453074,0.0,0.0,1.0,307.0,307.0,1,1,0.0,307.0,SALE,307.0,0.0,1.0,307.0,0.0,307.0,
552,1076625,20190309,20200921,20200627,1459.0,364.75,462.0,462.0,4,10,878.0,581.0,FULL PRICE,421.0,936.0,102.0,0.0,1459.0,20190504,265.0,20200627,306.0,145.9,0.6017820424948594,0.3982179575051405,0.28855380397532554,0.6415352981494175,0.06991089787525702,0.0,1.0,732.0,366.0,2,3,732.0,0.0,FULL PRICE,244.0,1.0,0.0,306.0,0.0,306.0,
553,1076762,20181006,20200921,20200829,1303.0,325.75,361.0,361.0,4,4,596.0,707.0,MIXED,1019.0,284.0,0.0,0.0,1303.0,20190420,312.0,20200411,361.0,325.75,0.45740598618572526,0.5425940138142747,0.7820414428242517,0.21795855717574827,0.0,0.0,1.0,645.0,322.5,2,2,284.0,361.0,MIXED,322.5,0.44031007751937984,0.5596899224806201,361.0,0.0,0.0,
554,1076899,20181103,20200921,20200215,558.0,279.0,411.0,411.0,2,2,0.0,558.0,SALE,411.0,147.0,0.0,0.0,558.0,20190720,147.0,20191116,411.0,279.0,0.0,1.0,0.7365591397849462,0.26344086021505375,0.0,0.0,1.0,411.0,411.0,1,1,0.0,411.0,SALE,411.0,0.0,1.0,0.0,,0.0,
555,1077036,20190112,20200921,20200905,2004.0,334.0,412.0,412.0,6,12,772.0,1232.0,MIXED,1264.0,462.0,278.0,0.0,2004.0,20190112,211.0,20200815,288.0,167.0,0.3852295409181637,0.6147704590818364,0.6307385229540918,0.23053892215568864,0.13872255489021956,0.0,1.0,1402.0,350.5,4,7,288.0,1114.0,MIXED,200.28571428571428,0.20542082738944364,0.7945791726105563,1111.0,3389.555555555556,700.0,
556,1077173,20181124,20200921,20200613,670.0,335.0,378.0,378.0,2,2,0.0,670.0,SALE,292.0,378.0,0.0,0.0,670.0,20190824,292.0,20200530,378.0,335.0,0.0,1.0,0.43582089552238806,0.564179104477612,0.0,0.0,1.0,378.0,378.0,1,1,0.0,378.0,SALE,378.0,0.0,1.0,378.0,0.0,0.0,
557,1077310,20181124,20200921,20200725,3535.0,441.875,544.0,544.0,8,8,2508.0,1027.0,MIXED,544.0,1954.0,1037.0,0.0,3535.0,20190323,483.0,20200718,544.0,441.875,0.7094766619519095,0.2905233380480905,0.15388967468175388,0.5527581329561527,0.29335219236209337,0.0,1.0,1271.0,423.6666666666667,3,3,727.0,544.0,MIXED,423.6666666666667,0.5719905586152636,0.42800944138473646,544.0,0.0,544.0,
558,1077447,20190119,20200921,20200516,569.0,284.5,306.0,306.0,2,2,569.0,0.0,FULL PRICE,0.0,569.0,0.0,0.0,569.0,20190907,306.0,20200418,263.0,284.5,1.0,0.0,0.0,1.0,0.0,0.0,1.0,263.0,263.0,1,1,263.0,0.0,FULL PRICE,263.0,1.0,0.0,263.0,0.0,0.0,
559,1077584,20190223,20200921,20200919,1942.0,323.6666666666667,433.0,433.0,6,12,573.0,1369.0,SALE,1843.0,99.0,0.0,0.0,1942.0,20190615,202.0,20200711,366.0,161.83333333333334,0.29505664263645726,0.7049433573635427,0.9490216271884655,0.0509783728115345,0.0,0.0,1.0,1386.0,346.5,4,10,219.0,1167.0,SALE,138.6,0.15800865800865802,0.841991341991342,366.0,0.0,366.0,
560,1077721,20181027,20200921,20200404,631.0,315.5,353.0,353.0,2,2,0.0,631.0,SALE,631.0,0.0,0.0,0.0,631.0,20181222,353.0,20191109,278.0,315.5,0.0,1.0,1.0,0.0,0.0,0.0,1.0,278.0,278.0,1,1,0.0,278.0,SALE,278.0,0.0,1.0,0.0,,0.0,
561,1077858,20180929,20200921,20200919,4637.0,463.7,644.0,644.0,10,16,4361.0,276.0,FULL PRICE,698.0,3600.0,339.0,901.0,3736.0,20181208,454.0,20200829,335.0,289.8125,0.9404787578175544,0.05952124218244555,0.1505283588527065,0.7763640284666811,0.07310761268061247,0.19430666379124434,0.8056933362087556,1280.0,426.6666666666667,3,4,1280.0,0.0,FULL PRICE,320.0,1.0,0.0,828.0,6241.0,335.0,
562,1077995,20181020,20200921,20200905,2127.0,354.5,449.0,449.0,6,11,827.0,1300.0,SALE,1957.0,170.0,0.0,323.0,1804.0,20181117,323.0,20200829,285.0,193.36363636363637,0.38881053126469206,0.611189468735308,0.920075223319229,0.07992477668077104,0.0,0.151857075693465,0.848142924306535,1000.0,333.3333333333333,3,6,331.0,669.0,SALE,166.66666666666666,0.331,0.669,1000.0,1636.2222222222224,669.0,
563,1078132,20180922,20200921,20200919,37024.0,804.8695652173913,1260.0,1260.0,46,80,37024.0,0.0,FULL PRICE,10763.0,20908.0,5353.0,11574.0,25450.0,20180922,806.0,20200912,1018.0,462.8,1.0,0.0,0.2907033275713051,0.56471477960242,0.14458189282627484,0.31260803802938636,0.6873919619706137,17450.0,758.695652173913,23,39,17450.0,0.0,FULL PRICE,447.43589743589746,1.0,0.0,9933.0,59247.91715976331,4878.0,
564,1078269,20181215,20200921,20200829,5561.0,397.2142857142857,542.0,542.0,14,23,4073.0,1488.0,SALE,649.0,4357.0,555.0,1165.0,4396.0,20181222,326.0,20200704,266.0,241.7826086956522,0.7324222262183061,0.26757777378169395,0.1167056284840856,0.7834921776658874,0.09980219385002698,0.20949469519870526,0.7905053048012948,3293.0,411.625,8,12,2096.0,1197.0,SALE,274.4166666666667,0.6365016702095354,0.36349832979046465,1561.0,5994.6875,266.0,
565,1078406,20181013,20200921,20200711,2082.0,347.0,506.0,506.0,6,8,145.0,1937.0,SALE,506.0,1203.0,373.0,0.0,2082.0,20190119,250.0,20200606,280.0,260.25,0.06964457252641691,0.9303554274735831,0.2430355427473583,0.5778097982708934,0.17915465898174832,0.0,1.0,1832.0,366.4,5,6,0.0,1832.0,SALE,305.3333333333333,0.0,1.0,653.0,2162.25,0.0,
566,1078543,20191130,20200921,20200905,1815.0,302.5,363.0,363.0,6,10,68.0,1747.0,MIXED,1754.0,0.0,61.0,0.0,1815.0,20200118,363.0,20200822,338.0,181.5,0.03746556473829201,0.962534435261708,0.9663911845730028,0.0,0.03360881542699724,0.0,1.0,1815.0,302.5,6,10,68.0,1747.0,MIXED,181.5,0.03746556473829201,0.962534435261708,874.0,2499.555555555555,652.0,
567,1078680,20181229,20200921,20200718,1992.0,332.0,406.0,406.0,6,6,646.0,1346.0,SALE,1419.0,573.0,0.0,357.0,1635.0,20190216,406.0,20200606,284.0,332.0,0.32429718875502006,0.6757028112449799,0.7123493975903614,0.2876506024096386,0.0,0.17921686746987953,0.8207831325301205,1271.0,317.75,4,4,646.0,625.0,SALE,317.75,0.5082612116443745,0.4917387883556255,625.0,812.25,0.0,
568,1078817,20181013,20200921,20200822,2037.0,339.5,541.0,541.0,6,8,918.0,1119.0,SALE,1638.0,27.0,372.0,349.0,1688.0,20190216,541.0,20200822,349.0,254.625,0.45066273932253315,0.5493372606774669,0.8041237113402062,0.013254786450662739,0.18262150220913106,0.1713303878252332,0.8286696121747669,1278.0,319.5,4,5,333.0,945.0,SALE,255.6,0.2605633802816901,0.7394366197183099,945.0,4228.666666666667,349.0,
569,1078954,20190105,20200921,20200912,2500.0,416.6666666666667,487.0,487.0,6,10,1590.0,910.0,FULL PRICE,300.0,2171.0,29.0,0.0,2500.0,20190817,487.0,20200718,372.0,250.0,0.636,0.364,0.12,0.8684,0.0116,0.0,1.0,2013.0,402.6,5,8,1410.0,603.0,FULL PRICE,251.625,0.7004470938897168,0.2995529061102832,1633.0,2049.1875,372.0,
570,1079091,20181006,20200921,20200822,1930.0,321.6666666666667,436.0,436.0,6,8,501.0,1429.0,SALE,972.0,0.0,958.0,306.0,1624.0,20181006,306.0,20200516,343.0,241.25,0.2595854922279793,0.7404145077720208,0.5036269430051813,0.0,0.49637305699481865,0.15854922279792746,0.8414507772020725,591.0,295.5,2,2,0.0,591.0,SALE,295.5,0.0,1.0,343.0,0.0,0.0,
571,1079228,20181027,20200921,20200905,2784.0,464.0,829.0,829.0,6,11,2144.0,640.0,FULL PRICE,2757.0,10.0,17.0,0.0,2784.0,20181208,398.0,20200815,415.0,253.0909090909091,0.7701149425287356,0.22988505747126436,0.990301724137931,0.0035919540229885057,0.00610632183908046,0.0,1.0,1293.0,431.0,3,6,1293.0,0.0,FULL PRICE,215.5,1.0,0.0,415.0,0.0,415.0,
572,1079365,20181117,20200921,20200718,1706.0,284.3333333333333,377.0,377.0,6,10,933.0,773.0,MIXED,1691.0,15.0,0.0,0.0,1706.0,20181117,251.0,20200502,187.0,170.6,0.5468933177022274,0.45310668229777257,0.9912075029308324,0.008792497069167644,0.0,0.0,1.0,1123.0,280.75,4,6,905.0,218.0,MIXED,187.16666666666666,0.8058771148708815,0.19412288512911843,187.0,0.0,0.0,
573,1079502,20181117,20200921,20200905,1667.0,277.8333333333333,378.0,378.0,6,11,607.0,1060.0,SALE,1290.0,334.0,43.0,0.0,1667.0,20181215,213.0,20200808,334.0,151.54545454545453,0.364127174565087,0.635872825434913,0.7738452309538092,0.20035992801439712,0.02579484103179364,0.0,1.0,844.0,281.3333333333333,3,5,307.0,537.0,SALE,168.8,0.3637440758293839,0.6362559241706162,334.0,0.0,334.0,
574,1079639,20181020,20200921,20200919,721.0,360.5,443.0,443.0,2,3,0.0,721.0,SALE,278.0,0.0,443.0,0.0,721.0,20181020,443.0,20200718,278.0,240.33333333333334,0.0,1.0,0.3855755894590846,0.0,0.6144244105409153,0.0,1.0,278.0,278.0,1,2,0.0,278.0,SALE,139.0,0.0,1.0,278.0,0.0,278.0,
575,1079776,20180929,20200921,20200411,1863.0,310.5,440.0,440.0,6,9,0.0,1863.0,SALE,275.0,1588.0,0.0,0.0,1863.0,20181006,440.0,20200104,267.0,207.0,0.0,1.0,0.14761137949543746,0.8523886205045625,0.0,0.0,1.0,571.0,285.5,2,2,0.0,571.0,SALE,285.5,0.0,1.0,0.0,,0.0,
576,1079913,20181229,20200921,20200725,459.0,229.5,301.0,301.0,2,2,158.0,301.0,MIXED,459.0,0.0,0.0,301.0,158.0,20190112,158.0,20200725,301.0,229.5,0.3442265795206972,0.6557734204793029,1.0,0.0,0.0,0.6557734204793029,0.3442265795206972,301.0,301.0,1,1,0.0,301.0,SALE,301.0,0.0,1.0,301.0,0.0,301.0,
577,1080050,20181103,20200921,20200411,2277.0,379.5,502.0,502.0,6,8,1625.0,652.0,FULL PRICE,2277.0,0.0,0.0,0.0,2277.0,20181208,335.0,20200328,502.0,284.625,0.7136583223539745,0.28634167764602547,1.0,0.0,0.0,0.0,1.0,502.0,502.0,1,1,502.0,0.0,FULL PRICE,502.0,1.0,0.0,502.0,0.0,0.0,
578,1080187,20181201,20200921,20200905,1786.0,297.6666666666667,431.0,431.0,6,8,36.0,1750.0,SALE,758.0,637.0,391.0,0.0,1786.0,20181215,360.0,20200725,431.0,223.25,0.020156774916013438,0.9798432250839866,0.4244120940649496,0.35666293393057114,0.21892497200447927,0.0,1.0,1280.0,320.0,4,5,0.0,1280.0,SALE,256.0,0.0,1.0,637.0,12656.25,431.0,
579,1080324,20180929,20200921,20200822,1699.0,283.1666666666667,340.0,340.0,6,7,313.0,1386.0,SALE,1699.0,0.0,0.0,0.0,1699.0,20180929,290.0,20200208,319.0,242.71428571428572,0.1842260153031195,0.8157739846968806,1.0,0.0,0.0,0.0,1.0,319.0,319.0,1,1,0.0,319.0,SALE,319.0,0.0,1.0,0.0,,0.0,
580,1080461,20190330,20200921,20200725,1568.0,392.0,479.0,479.0,4,6,336.0,1232.0,SALE,738.0,750.0,80.0,0.0,1568.0,20190727,271.0,20200201,479.0,261.3333333333333,0.21428571428571427,0.7857142857142857,0.47066326530612246,0.47831632653061223,0.05102040816326531,0.0,1.0,1297.0,432.3333333333333,3,5,336.0,961.0,SALE,259.4,0.259059367771781,0.7409406322282189,0.0,,0.0,
581,1080598,20190105,20200921,20200523,662.0,331.0,354.0,354.0,2,3,228.0,434.0,SALE,0.0,662.0,0.0,0.0,662.0,20190518,354.0,20190622,308.0,220.66666666666666,0.34441087613293053,0.6555891238670695,0.0,1.0,0.0,0.0,1.0,0.0,0.0,0,0,0.0,0.0,UNKNOWN,0.0,0.0,0.0,0.0,,0.0,
582,1080735,20191026,20200921,20200404,678.0,339.0,369.0,369.0,2,2,0.0,678.0,SALE,678.0,0.0,0.0,0.0,678.0,20191207,309.0,20200111,369.0,339.0,0.0,1.0,1.0,0.0,0.0,0.0,1.0,678.0,339.0,2,2,0.0,678.0,SALE,339.0,0.0,1.0,0.0,,0.0,
583,1080872,20181013,20200921,20200725,1072.0,268.0,371.0,371.0,4,5,0.0,1072.0,SALE,260.0,754.0,58.0,0.0,1072.0,20181103,255.0,20200704,318.0,214.4,0.0,1.0,0.24253731343283583,0.7033582089552238,0.054104477611940295,0.0,1.0,817.0,272.3333333333333,3,4,0.0,817.0,SALE,204.25,0.0,1.0,318.0,0.0,318.0,
584,1081009,20180929,20200921,20191207,555.0,277.5,334.0,334.0,2,2,334.0,221.0,MIXED,221.0,334.0,0.0,334.0,221.0,20180929,334.0,20190727,221.0,277.5,0.6018018018018018,0.3981981981981982,0.3981981981981982,0.6018018018018018,0.0,0.6018018018018018,0.3981981981981982,0.0,0.0,0,0,0.0,0.0,UNKNOWN,0.0,0.0,0.0,0.0,,0.0,
585,1081146,20181013,20200921,20200905,1945.0,324.1666666666667,391.0,391.0,6,12,609.0,1336.0,SALE,168.0,1765.0,12.0,329.0,1616.0,20190928,329.0,20200808,391.0,162.08333333333334,0.3131105398457584,0.6868894601542417,0.08637532133676093,0.9074550128534704,0.006169665809768638,0.16915167095115682,0.8308483290488432,1945.0,324.1666666666667,6,12,609.0,1336.0,SALE,162.08333333333334,0.3131105398457584,0.6868894601542417,677.0,2756.25,677.0,
586,1081283,20181027,20200921,20200829,6072.0,433.7142857142857,725.0,725.0,14,16,4905.0,1167.0,FULL PRICE,543.0,4804.0,725.0,0.0,6072.0,20190119,234.0,20200815,214.0,379.5,0.807806324110672,0.19219367588932806,0.08942687747035573,0.7911725955204216,0.11940052700922266,0.0,1.0,3206.0,400.75,8,9,2481.0,725.0,FULL PRICE,356.22222222222223,0.77386150966937,0.22613849033063008,1684.0,37167.5,214.0,
587,1081420,20181103,20200921,20200718,1282.0,320.5,474.0,474.0,4,5,0.0,1282.0,SALE,1015.0,0.0,267.0,0.0,1282.0,20181222,474.0,20190907,307.0,256.4,0.0,1.0,0.7917316692667706,0.0,0.20826833073322934,0.0,1.0,0.0,0.0,0,0,0.0,0.0,UNKNOWN,0.0,0.0,0.0,0.0,,0.0,
588,1081557,20181103,20200921,20200711,1381.0,345.25,479.0,479.0,4,5,125.0,1256.0,SALE,0.0,1381.0,0.0,479.0,902.0,20190216,317.0,20200711,323.0,276.2,0.09051412020275162,0.9094858797972484,0.0,1.0,0.0,0.34685010861694426,0.6531498913830558,1064.0,354.6666666666667,3,4,125.0,939.0,SALE,266.0,0.1174812030075188,0.8825187969924813,585.0,930.25,323.0,
589,1081694,20180929,20200921,20200801,1901.0,316.8333333333333,436.0,436.0,6,9,578.0,1323.0,SALE,654.0,897.0,350.0,0.0,1901.0,20180929,341.0,20200613,318.0,211.22222222222223,0.30405049973698056,0.6959495002630195,0.3440294581799053,0.47185691741188845,0.1841136244082062,0.0,1.0,318.0,318.0,1,3,0.0,318.0,SALE,106.0,0.0,1.0,318.0,0.0,0.0,
590,1081831,20181208,20200921,20200815,2121.0,353.5,459.0,459.0,6,10,323.0,1798.0,SALE,1855.0,264.0,2.0,730.0,1391.0,20190316,258.0,20200627,310.0,212.1,0.1522866572371523,0.8477133427628477,0.8745874587458746,0.12446958981612447,0.000942951438000943,0.34417727487034416,0.6558227251296558,1133.0,377.6666666666667,3,7,323.0,810.0,SALE,161.85714285714286,0.2850838481906443,0.7149161518093556,769.0,5550.25,310.0,
591,1081968,20180929,20200921,20200404,579.0,289.5,358.0,358.0,2,5,241.0,338.0,FULL PRICE,568.0,0.0,11.0,0.0,579.0,20181208,358.0,20200104,221.0,115.8,0.4162348877374784,0.5837651122625216,0.9810017271157168,0.0,0.018998272884283247,0.0,1.0,221.0,221.0,1,1,221.0,0.0,FULL PRICE,221.0,1.0,0.0,0.0,,0.0,
592,1082105,20181110,20200921,20200822,1045.0,261.25,421.0,421.0,4,9,259.0,786.0,SALE,164.0,460.0,421.0,421.0,624.0,20181215,203.0,20190921,164.0,116.11111111111111,0.24784688995215312,0.7521531100478469,0.1569377990430622,0.44019138755980863,0.4028708133971292,0.4028708133971292,0.5971291866028708,0.0,0.0,0,0,0.0,0.0,UNKNOWN,0.0,0.0,0.0,0.0,,0.0,
593,1082242,20190427,20200921,20200215,630.0,315.0,339.0,339.0,2,5,6.0,624.0,SALE,630.0,0.0,0.0,0.0,630.0,20190511,291.0,20190622,339.0,126.0,0.009523809523809525,0.9904761904761905,1.0,0.0,0.0,0.0,1.0,0.0,0.0,0,0,0.0,0.0,UNKNOWN,0.0,0.0,0.0,0.0,,0.0,
594,1082379,20181027,20200921,20200905,7515.0,626.25,807.0,807.0,12,20,6054.0,1461.0,MIXED,6813.0,702.0,0.0,3006.0,4509.0,20181027,513.0,20200829,730.0,375.75,0.8055888223552894,0.19441117764471058,0.9065868263473054,0.09341317365269461,0.0,0.4,0.6,5023.0,627.875,8,10,3996.0,1027.0,MIXED,502.3,0.7955405136372685,0.20445948636273142,1200.0,16900.0,730.0,
595,1082516,20181124,20200921,20191012,525.0,262.5,300.0,300.0,2,7,113.0,412.0,SALE,302.0,207.0,16.0,0.0,525.0,20190413,225.0,20191005,300.0,75.0,0.21523809523809523,0.7847619047619048,0.5752380952380952,0.3942857142857143,0.030476190476190476,0.0,1.0,300.0,300.0,1,1,0.0,300.0,SALE,300.0,0.0,1.0,0.0,,0.0,
596,1082653,20190824,20200921,20200829,640.0,320.0,367.0,367.0,2,4,0.0,640.0,SALE,34.0,606.0,0.0,0.0,640.0,20200627,273.0,20200711,367.0,160.0,0.0,1.0,0.053125,0.946875,0.0,0.0,1.0,640.0,320.0,2,4,0.0,640.0,SALE,160.0,0.0,1.0,640.0,2209.0,640.0,
597,1082790,20180929,20200921,20200725,620.0,310.0,344.0,344.0,2,5,209.0,411.0,SALE,25.0,319.0,276.0,344.0,276.0,20200502,344.0,20200516,276.0,124.0,0.3370967741935484,0.6629032258064517,0.04032258064516129,0.5145161290322581,0.44516129032258067,0.5548387096774193,0.44516129032258067,620.0,310.0,2,5,209.0,411.0,SALE,124.0,0.3370967741935484,0.6629032258064517,620.0,1156.0,0.0,
598,1082927,20181229,20200921,20200815,1151.0,287.75,375.0,375.0,4,6,501.0,650.0,SALE,32.0,1119.0,0.0,0.0,1151.0,20190112,300.0,20200411,217.0,191.83333333333334,0.43527367506516074,0.5647263249348393,0.02780191138140747,0.9721980886185926,0.0,0.0,1.0,851.0,283.6666666666667,3,4,501.0,350.0,SALE,212.75,0.5887191539365453,0.4112808460634548,217.0,0.0,0.0,
599,1083064,20190105,20200921,20200912,1227.0,306.75,392.0,392.0,4,6,166.0,1061.0,MIXED,1061.0,0.0,166.0,0.0,1227.0,20190504,331.0,20200801,166.0,204.5,0.13528932355338225,0.8647106764466178,0.8647106764466178,0.0,0.13528932355338225,0.0,1.0,896.0,298.6666666666667,3,5,166.0,730.0,MIXED,179.2,0.18526785714285715,0.8147321428571429,558.0,12769.0,558.0,
600,1083201,20181215,20200921,20200829,3517.0,439.625,552.0,552.0,8,12,1653.0,1864.0,MIXED,2730.0,336.0,451.0,234.0,3283.0,20190216,371.0,20200718,520.0,293.0833333333333,0.47000284333238557,0.5299971566676145,0.7762297412567529,0.09553596815467728,0.1282342905885698,0.06653397782200739,0.9334660221779926,971.0,485.5,2,2,520.0,451.0,MIXED,485.5,0.5355303810504635,0.46446961894953653,520.0,0.0,520.0,
601,1083338,20181208,20200921,20200606,1373.0,343.25,410.0,410.0,4,4,0.0,1373.0,SALE,236.0,1137.0,0.0,0.0,1373.0,20190112,403.0,20191221,410.0,343.25,0.0,1.0,0.17188638018936636,0.8281136198106337,0.0,0.0,1.0,970.0,323.3333333333333,3,3,0.0,970.0,SALE,323.3333333333333,0.0,1.0,0.0,,0.0,
602,1083475,20180929,20200921,20200822,1642.0,410.5,490.0,490.0,4,7,689.0,953.0,MIXED,1642.0,0.0,0.0,0.0,1642.0,20181110,458.0,20200516,490.0,234.57142857142858,0.41961023142509135,0.5803897685749086,1.0,0.0,0.0,0.0,1.0,840.0,420.0,2,2,490.0,350.0,MIXED,420.0,0.5833333333333334,0.4166666666666667,490.0,0.0,0.0,
603,1083612,20180922,20200921,20200905,49566.0,799.4516129032259,1224.0,1224.0,62,102,49566.0,0.0,FULL PRICE,11986.0,32421.0,5159.0,10269.0,39297.0,20180922,981.0,20200905,989.0,485.94117647058823,1.0,0.0,0.2418189888229835,0.6540975668805229,0.10408344429649356,0.20717830771093088,0.7928216922890691,26501.0,803.060606060606,33,57,26501.0,0.0,FULL PRICE,464.9298245614035,1.0,0.0,12416.0,35121.79555555556,7877.0,
604,1083749,20181006,20200921,20200613,1802.0,300.3333333333333,422.0,422.0,6,10,565.0,1237.0,SALE,1802.0,0.0,0.0,0.0,1802.0,20181027,304.0,20200509,253.0,180.2,0.3135405105438402,0.6864594894561599,1.0,0.0,0.0,0.0,1.0,675.0,337.5,2,5,0.0,675.0,SALE,135.0,0.0,1.0,253.0,0.0,0.0,
605,1083886,20190223,20200921,20191019,1393.0,348.25,451.0,451.0,4,6,425.0,968.0,MIXED,0.0,968.0,425.0,149.0,1244.0,20190223,368.0,20190928,425.0,232.16666666666666,0.3050969131371141,0.6949030868628858,0.0,0.6949030868628858,0.3050969131371141,0.10696338837042355,0.8930366116295765,425.0,425.0,1,1,425.0,0.0,FULL PRICE,425.0,1.0,0.0,0.0,,0.0,
606,1084023,20190209,20200921,20200307,682.0,341.0,348.0,348.0,2,3,334.0,348.0,SALE,507.0,175.0,0.0,0.0,682.0,20190810,334.0,20191116,348.0,227.33333333333334,0.4897360703812317,0.5102639296187683,0.7434017595307918,0.2565982404692082,0.0,0.0,1.0,348.0,348.0,1,2,0.0,348.0,SALE,174.0,0.0,1.0,0.0,,0.0,
607,1084160,20181027,20200921,20200815,1519.0,379.75,449.0,449.0,4,6,293.0,1226.0,SALE,1519.0,0.0,0.0,0.0,1519.0,20181208,357.0,20200704,334.0,253.16666666666666,0.19289005924950625,0.8071099407504937,1.0,0.0,0.0,0.0,1.0,334.0,334.0,1,2,0.0,334.0,SALE,167.0,0.0,1.0,334.0,0.0,334.0,
608,1084297,20181027,20200921,20200801,1272.0,318.0,382.0,382.0,4,9,584.0,688.0,MIXED,1135.0,0.0,137.0,0.0,1272.0,20181124,328.0,20200718,256.0,141.33333333333334,0.4591194968553459,0.5408805031446541,0.8922955974842768,0.0,0.10770440251572327,0.0,1.0,562.0,281.0,2,5,184.0,378.0,MIXED,112.4,0.3274021352313167,0.6725978647686833,562.0,625.0,562.0,
609,1084434,20181013,20200921,20200801,1400.0,350.0,426.0,426.0,4,4,0.0,1400.0,SALE,426.0,974.0,0.0,0.0,1400.0,20181117,323.0,20200606,426.0,350.0,0.0,1.0,0.30428571428571427,0.6957142857142857,0.0,0.0,1.0,1077.0,359.0,3,3,0.0,1077.0,SALE,359.0,0.0,1.0,426.0,0.0,0.0,
610,1084571,20180922,20200921,20200815,1279.0,319.75,390.0,390.0,4,9,354.0,925.0,SALE,1032.0,247.0,0.0,0.0,1279.0,20180922,339.0,20200215,390.0,142.11111111111111,0.2767787333854574,0.7232212666145426,0.8068803752931978,0.1931196247068022,0.0,0.0,1.0,637.0,318.5,2,3,247.0,390.0,SALE,212.33333333333334,0.3877551020408163,0.6122448979591837,0.0,,0.0,
611,1084708,20181006,20200921,20200502,1598.0,266.3333333333333,377.0,377.0,6,12,392.0,1206.0,SALE,1450.0,0.0,148.0,0.0,1598.0,20181013,198.0,20200425,238.0,133.16666666666666,0.2453066332916145,0.7546933667083855,0.9073842302878599,0.0,0.09261576971214018,0.0,1.0,545.0,272.5,2,5,42.0,503.0,SALE,109.0,0.07706422018348624,0.9229357798165138,545.0,1190.25,0.0,
612,1084845,20190525,20200921,20200725,555.0,277.5,289.0,289.0,2,2,0.0,555.0,SALE,555.0,0.0,0.0,0.0,555.0,20190601,289.0,20200530,266.0,277.5,0.0,1.0,1.0,0.0,0.0,0.0,1.0,266.0,266.0,1,1,0.0,266.0,SALE,266.0,0.0,1.0,266.0,0.0,0.0,
613,1084982,20180922,20200921,20200711,2000.0,333.3333333333333,464.0,464.0,6,10,1132.0,868.0,MIXED,259.0,1543.0,198.0,343.0,1657.0,20180922,343.0,20200711,322.0,200.0,0.566,0.434,0.1295,0.7715,0.099,0.1715,0.8285,758.0,379.0,2,3,560.0,198.0,MIXED,252.66666666666666,0.7387862796833773,0.2612137203166227,758.0,3249.0,322.0,
614,1085119,20181013,20200921,20200801,1578.0,263.0,361.0,361.0,6,11,661.0,917.0,FULL PRICE,1091.0,482.0,5.0,0.0,1578.0,20190209,202.0,20200613,192.0,143.45454545454547,0.4188846641318124,0.5811153358681875,0.6913814955640051,0.30544993662864384,0.0031685678073510772,0.0,1.0,1110.0,277.5,4,9,193.0,917.0,FULL PRICE,123.33333333333333,0.17387387387387387,0.8261261261261261,553.0,7140.25,0.0,
615,1085256,20190518,20200921,20200822,1375.0,343.75,423.0,423.0,4,5,352.0,1023.0,SALE,0.0,1375.0,0.0,0.0,1375.0,20190622,423.0,20200808,357.0,275.0,0.256,0.744,0.0,1.0,0.0,0.0,1.0,620.0,310.0,2,3,20.0,600.0,SALE,206.66666666666666,0.03225806451612903,0.967741935483871,357.0,0.0,357.0,
616,1085393,20181013,20200921,20200801,613.0,306.5,390.0,390.0,2,3,20.0,593.0,SALE,613.0,0.0,0.0,0.0,613.0,20190209,223.0,20190928,390.0,204.33333333333334,0.03262642740619902,0.967373572593801,1.0,0.0,0.0,0.0,1.0,390.0,390.0,1,1,0.0,390.0,SALE,390.0,0.0,1.0,0.0,,0.0,
617,1085530,20200201,20200921,20200905,640.0,320.0,391.0,391.0,2,6,0.0,640.0,SALE,332.0,308.0,0.0,0.0,640.0,20200215,391.0,20200905,249.0,106.66666666666667,0.0,1.0,0.51875,0.48125,0.0,0.0,1.0,640.0,320.0,2,6,0.0,640.0,SALE,106.66666666666667,0.0,1.0,249.0,0.0,249.0,
618,1085667,20181208,20200921,20191221,736.0,368.0,462.0,462.0,2,3,0.0,736.0,SALE,0.0,736.0,0.0,0.0,736.0,20190316,274.0,20190817,462.0,245.33333333333334,0.0,1.0,0.0,1.0,0.0,0.0,1.0,0.0,0.0,0,0,0.0,0.0,UNKNOWN,0.0,0.0,0.0,0.0,,0.0,
619,1085804,20190413,20200921,20200912,606.0,303.0,338.0,338.0,2,4,254.0,352.0,MIXED,0.0,514.0,92.0,0.0,606.0,20190504,268.0,20191207,338.0,151.5,0.41914191419141916,0.5808580858085809,0.0,0.8481848184818482,0.15181518151815182,0.0,1.0,338.0,338.0,1,2,254.0,84.0,MIXED,169.0,0.7514792899408284,0.2485207100591716,0.0,,0.0,
620,1085941,20181229,20200921,20200912,1320.0,330.0,386.0,386.0,4,4,366.0,954.0,MIXED,1320.0,0.0,0.0,0.0,1320.0,20190223,344.0,20200725,366.0,330.0,0.2772727272727273,0.7227272727272728,1.0,0.0,0.0,0.0,1.0,976.0,325.3333333333333,3,3,366.0,610.0,MIXED,325.3333333333333,0.375,0.625,752.0,100.0,366.0,
621,1086078,20190601,20200921,20200905,708.0,354.0,404.0,404.0,2,3,4.0,704.0,MIXED,0.0,708.0,0.0,0.0,708.0,20190921,304.0,20191116,404.0,236.0,0.005649717514124294,0.9943502824858758,0.0,1.0,0.0,0.0,1.0,404.0,404.0,1,2,4.0,400.0,MIXED,202.0,0.009900990099009901,0.9900990099009901,0.0,,0.0,
622,1086215,20181222,20200921,20200912,698.0,349.0,371.0,371.0,2,2,698.0,0.0,FULL PRICE,698.0,0.0,0.0,0.0,698.0,20200125,327.0,20200815,371.0,349.0,1.0,0.0,1.0,0.0,0.0,0.0,1.0,698.0,349.0,2,2,698.0,0.0,FULL PRICE,349.0,1.0,0.0,371.0,0.0,371.0,
623,1086352,20190511,20200921,20200509,590.0,295.0,323.0,323.0,2,5,559.0,31.0,SALE,291.0,0.0,299.0,0.0,590.0,20200411,267.0,20200425,323.0,118.0,0.9474576271186441,0.05254237288135593,0.49322033898305084,0.0,0.5067796610169492,0.0,1.0,590.0,295.0,2,5,559.0,31.0,SALE,118.0,0.9474576271186441,0.05254237288135593,590.0,784.0,0.0,
624,1086489,20190803,20200921,20200509,656.0,328.0,353.0,353.0,2,3,0.0,656.0,SALE,0.0,633.0,23.0,0.0,656.0,20191109,303.0,20200118,353.0,218.66666666666666,0.0,1.0,0.0,0.9649390243902439,0.0350609756097561,0.0,1.0,656.0,328.0,2,3,0.0,656.0,SALE,218.66666666666666,0.0,1.0,0.0,,0.0,
625,1086626,20181103,20200921,20200808,1363.0,340.75,541.0,541.0,4,10,0.0,1363.0,SALE,1363.0,0.0,0.0,0.0,1363.0,20190119,260.0,20200523,231.0,136.3,0.0,1.0,1.0,0.0,0.0,0.0,1.0,1103.0,367.6666666666667,3,8,0.0,1103.0,SALE,137.875,0.0,1.0,231.0,0.0,0.0,
626,1086763,20190413,20200921,20200919,605.0,302.5,306.0,306.0,2,4,0.0,605.0,SALE,269.0,336.0,0.0,306.0,299.0,20190511,299.0,20200530,306.0,151.25,0.0,1.0,0.4446280991735537,0.5553719008264463,0.0,0.5057851239669422,0.49421487603305786,306.0,306.0,1,1,0.0,306.0,SALE,306.0,0.0,1.0,306.0,0.0,0.0,
627,1086900,20181013,20200921,20200912,3406.0,425.75,534.0,534.0,8,11,2543.0,863.0,FULL PRICE,1333.0,1762.0,311.0,0.0,3406.0,20181208,487.0,20200808,392.0,309.6363636363636,0.7466236054022314,0.2533763945977686,0.3913681738109219,0.5173223722842043,0.09130945390487376,0.0,1.0,1934.0,386.8,5,6,1071.0,863.0,FULL PRICE,322.3333333333333,0.5537745604963805,0.4462254395036194,1219.0,7106.8888888888905,908.0,
628,1087037,20190216,20200921,20200919,807.0,403.5,422.0,422.0,2,2,422.0,385.0,MIXED,0.0,807.0,0.0,0.0,807.0,20190223,422.0,20200523,385.0,403.5,0.5229244114002478,0.4770755885997522,0.0,1.0,0.0,0.0,1.0,385.0,385.0,1,1,0.0,385.0,SALE,385.0,0.0,1.0,385.0,0.0,0.0,uk
629,1087174,20190223,20200921,20200919,2087.0,347.8333333333333,491.0,491.0,6,6,0.0,2087.0,SALE,1826.0,261.0,0.0,0.0,2087.0,20190427,401.0,20200801,261.0,347.8333333333333,0.0,1.0,0.8749401054144705,0.12505989458552946,0.0,0.0,1.0,847.0,282.3333333333333,3,3,0.0,847.0,SALE,282.3333333333333,0.0,1.0,261.0,0.0,261.0,
630,1087311,20190119,20200921,20200222,2004.0,334.0,385.0,385.0,6,8,370.0,1634.0,MIXED,2004.0,0.0,0.0,0.0,2004.0,20190323,277.0,20200104,358.0,250.5,0.18463073852295409,0.8153692614770459,1.0,0.0,0.0,0.0,1.0,736.0,368.0,2,4,93.0,643.0,MIXED,184.0,0.12635869565217392,0.873641304347826,0.0,,0.0,
631,1087448,20181027,20200921,20200829,580.0,290.0,305.0,305.0,2,4,259.0,321.0,SALE,305.0,0.0,275.0,0.0,580.0,20190406,275.0,20200509,305.0,145.0,0.44655172413793104,0.553448275862069,0.5258620689655172,0.0,0.47413793103448276,0.0,1.0,305.0,305.0,1,2,0.0,305.0,SALE,152.5,0.0,1.0,305.0,0.0,0.0,
632,1087585,20180922,20200921,20200704,990.0,247.5,289.0,289.0,4,5,289.0,701.0,SALE,763.0,0.0,227.0,420.0,570.0,20180929,227.0,20200502,193.0,198.0,0.2919191919191919,0.7080808080808081,0.7707070707070707,0.0,0.2292929292929293,0.42424242424242425,0.5757575757575758,474.0,237.0,2,2,0.0,474.0,SALE,237.0,0.0,1.0,193.0,0.0,0.0,
633,1087722,20180922,20200921,20200905,1645.0,411.25,556.0,556.0,4,7,1282.0,363.0,SALE,1396.0,249.0,0.0,0.0,1645.0,20181208,540.0,20200718,265.0,235.0,0.7793313069908815,0.22066869300911854,0.8486322188449849,0.1513677811550152,0.0,0.0,1.0,821.0,410.5,2,3,458.0,363.0,SALE,273.6666666666667,0.5578562728380024,0.44214372716199757,265.0,0.0,265.0,
634,1087859,20180929,20200921,20200912,617.0,308.5,367.0,367.0,2,6,76.0,541.0,SALE,0.0,328.0,289.0,0.0,617.0,20181201,367.0,20200829,250.0,102.83333333333333,0.12317666126418152,0.8768233387358185,0.0,0.5316045380875203,0.4683954619124797,0.0,1.0,250.0,250.0,1,1,0.0,250.0,SALE,250.0,0.0,1.0,250.0,0.0,250.0,
635,1087996,20181006,20200921,20200502,766.0,383.0,394.0,394.0,2,3,0.0,766.0,SALE,0.0,766.0,0.0,0.0,766.0,20191214,394.0,20200307,372.0,255.33333333333334,0.0,1.0,0.0,1.0,0.0,0.0,1.0,766.0,383.0,2,3,0.0,766.0,SALE,255.33333333333334,0.0,1.0,0.0,,0.0,
636,1088133,20180922,20200921,20200815,1260.0,315.0,436.0,436.0,4,6,16.0,1244.0,SALE,42.0,1218.0,0.0,0.0,1260.0,20181110,205.0,20200627,436.0,210.0,0.012698412698412698,0.9873015873015873,0.03333333333333333,0.9666666666666667,0.0,0.0,1.0,683.0,341.5,2,2,0.0,683.0,SALE,341.5,0.0,1.0,683.0,8930.25,436.0,
637,1088270,20181110,20200921,20200530,1330.0,332.5,531.0,531.0,4,5,728.0,602.0,MIXED,531.0,799.0,0.0,0.0,1330.0,20181124,197.0,20200530,531.0,266.0,0.5473684210526316,0.45263157894736844,0.39924812030075185,0.6007518796992481,0.0,0.0,1.0,888.0,444.0,2,3,531.0,357.0,MIXED,296.0,0.597972972972973,0.40202702702702703,531.0,0.0,0.0,
638,1088407,20181006,20200921,20200808,5681.0,473.4166666666667,603.0,603.0,12,22,3212.0,2469.0,FULL PRICE,645.0,4752.0,284.0,0.0,5681.0,20181215,437.0,20200718,339.0,258.22727272727275,0.5653934166519979,0.4346065833480021,0.11353634923428974,0.8364724520330927,0.049991198732617495,0.0,1.0,3220.0,460.0,7,15,2285.0,935.0,FULL PRICE,214.66666666666666,0.7096273291925466,0.29037267080745344,1102.0,474.88888888888886,710.0,
639,1088544,20181013,20200921,20200328,1471.0,367.75,552.0,552.0,4,5,71.0,1400.0,SALE,777.0,383.0,311.0,312.0,1159.0,20181020,296.0,20200125,552.0,294.2,0.04826648538409246,0.9517335146159075,0.5282121006118287,0.2603670972127804,0.2114208021753909,0.21210061182868797,0.787899388171312,864.0,432.0,2,2,0.0,864.0,SALE,432.0,0.0,1.0,0.0,,0.0,
640,1088681,20180929,20200921,20200718,2120.0,353.3333333333333,420.0,420.0,6,9,1438.0,682.0,FULL PRICE,1278.0,334.0,508.0,0.0,2120.0,20181006,329.0,20200704,377.0,235.55555555555554,0.6783018867924528,0.32169811320754715,0.6028301886792453,0.15754716981132075,0.23962264150943396,0.0,1.0,1131.0,377.0,3,4,778.0,353.0,FULL PRICE,282.75,0.6878868258178603,0.3121131741821397,1131.0,1232.6666666666667,377.0,
641,1088818,20181103,20200921,20200912,1930.0,482.5,569.0,569.0,4,7,1301.0,629.0,FULL PRICE,0.0,1930.0,0.0,0.0,1930.0,20181110,451.0,20200620,408.0,275.7142857142857,0.6740932642487046,0.32590673575129536,0.0,1.0,0.0,0.0,1.0,910.0,455.0,2,3,408.0,502.0,FULL PRICE,303.3333333333333,0.44835164835164837,0.5516483516483517,408.0,0.0,0.0,
642,1088955,20180922,20200921,20200704,872.0,436.0,451.0,451.0,2,2,421.0,451.0,MIXED,421.0,451.0,0.0,0.0,872.0,20181013,451.0,20200627,421.0,436.0,0.4827981651376147,0.5172018348623854,0.4827981651376147,0.5172018348623854,0.0,0.0,1.0,421.0,421.0,1,1,421.0,0.0,FULL PRICE,421.0,1.0,0.0,421.0,0.0,421.0,
643,1089092,20181020,20200921,20200919,1970.0,328.3333333333333,399.0,399.0,6,11,267.0,1703.0,MIXED,1643.0,0.0,327.0,0.0,1970.0,20181027,221.0,20200829,273.0,179.0909090909091,0.13553299492385787,0.8644670050761422,0.834010152284264,0.0,0.16598984771573605,0.0,1.0,1393.0,348.25,4,7,189.0,1204.0,MIXED,199.0,0.135678391959799,0.864321608040201,1393.0,2695.6875,999.0,
644,1089229,20181110,20200921,20200829,1883.0,313.8333333333333,389.0,389.0,6,7,115.0,1768.0,SALE,1607.0,276.0,0.0,0.0,1883.0,20190119,365.0,20200829,342.0,269.0,0.061072756240042485,0.9389272437599575,0.8534253850238981,0.14657461497610197,0.0,0.0,1.0,1518.0,303.6,5,6,115.0,1403.0,SALE,253.0,0.07575757575757576,0.9242424242424242,853.0,3642.888888888889,543.0,
645,1089366,20181117,20200921,20191207,675.0,337.5,372.0,372.0,2,2,372.0,303.0,MIXED,0.0,675.0,0.0,0.0,675.0,20190126,303.0,20190615,372.0,337.5,0.5511111111111111,0.4488888888888889,0.0,1.0,0.0,0.0,1.0,0.0,0.0,0,0,0.0,0.0,UNKNOWN,0.0,0.0,0.0,0.0,,0.0,
646,1089503,20190112,20200921,20200627,1175.0,293.75,392.0,392.0,4,6,0.0,1175.0,SALE,377.0,406.0,392.0,0.0,1175.0,20190504,392.0,20200328,194.0,195.83333333333334,0.0,1.0,0.32085106382978723,0.345531914893617,0.33361702127659576,0.0,1.0,783.0,261.0,3,5,0.0,783.0,SALE,156.6,0.0,1.0,194.0,0.0,0.0,
647,1089640,20190126,20200921,20200905,761.0,380.5,402.0,402.0,2,3,359.0,402.0,FULL PRICE,134.0,225.0,402.0,0.0,761.0,20190525,402.0,20200725,359.0,253.66666666666666,0.47174770039421815,0.5282522996057819,0.17608409986859397,0.2956636005256242,0.5282522996057819,0.0,1.0,359.0,359.0,1,2,359.0,0.0,FULL PRICE,179.5,1.0,0.0,359.0,0.0,359.0,
648,1089777,20180929,20200921,20200912,1636.0,409.0,671.0,671.0,4,4,1636.0,0.0,FULL PRICE,0.0,1636.0,0.0,0.0,1636.0,20181027,323.0,20200606,207.0,409.0,1.0,0.0,0.0,1.0,0.0,0.0,1.0,878.0,439.0,2,2,878.0,0.0,FULL PRICE,439.0,1.0,0.0,207.0,0.0,0.0,
649,1089914,20180922,20200921,20200425,1315.0,328.75,394.0,394.0,4,5,0.0,1315.0,SALE,141.0,1049.0,125.0,0.0,1315.0,20180922,266.0,20200125,350.0,263.0,0.0,1.0,0.10722433460076046,0.7977186311787072,0.09505703422053231,0.0,1.0,1049.0,349.6666666666667,3,3,0.0,1049.0,SALE,349.6666666666667,0.0,1.0,0.0,,0.0,
650,1090051,20181006,20200921,20200912,874.0,437.0,524.0,524.0,2,3,297.0,577.0,MIXED,874.0,0.0,0.0,0.0,874.0,20181027,524.0,20200620,350.0,291.3333333333333,0.33981693363844395,0.6601830663615561,1.0,0.0,0.0,0.0,1.0,350.0,350.0,1,2,297.0,53.0,MIXED,175.0,0.8485714285714285,0.15142857142857144,350.0,0.0,0.0,
651,1090188,20181020,20200921,20200815,1804.0,300.6666666666667,371.0,371.0,6,10,644.0,1160.0,FULL PRICE,611.0,993.0,200.0,0.0,1804.0,20181020,265.0,20200801,333.0,180.4,0.35698447893569846,0.6430155210643016,0.3386917960088692,0.5504434589800443,0.11086474501108648,0.0,1.0,1214.0,303.5,4,8,644.0,570.0,FULL PRICE,151.75,0.5304777594728172,0.4695222405271829,704.0,361.0,333.0,
652,1090325,20190209,20200921,20200801,718.0,359.0,365.0,365.0,2,2,0.0,718.0,SALE,718.0,0.0,0.0,0.0,718.0,20200104,353.0,20200328,365.0,359.0,0.0,1.0,1.0,0.0,0.0,0.0,1.0,718.0,359.0,2,2,0.0,718.0,SALE,359.0,0.0,1.0,365.0,0.0,0.0,
653,1090462,20190126,20200921,20200919,749.0,374.5,386.0,386.0,2,2,386.0,363.0,MIXED,749.0,0.0,0.0,386.0,363.0,20200404,386.0,20200801,363.0,374.5,0.5153538050734312,0.48464619492656874,1.0,0.0,0.0,0.5153538050734312,0.48464619492656874,749.0,374.5,2,2,386.0,363.0,MIXED,374.5,0.5153538050734312,0.48464619492656874,749.0,132.25,363.0,
654,1090599,20181006,20200921,20200829,611.0,305.5,366.0,366.0,2,3,0.0,611.0,SALE,366.0,0.0,245.0,0.0,611.0,20181208,245.0,20190803,366.0,203.66666666666666,0.0,1.0,0.5990180032733224,0.0,0.40098199672667756,0.0,1.0,0.0,0.0,0,0,0.0,0.0,UNKNOWN,0.0,0.0,0.0,0.0,,0.0,
655,1090736,20181013,20200921,20200919,1998.0,333.0,395.0,395.0,6,11,902.0,1096.0,MIXED,284.0,1008.0,706.0,0.0,1998.0,20181208,390.0,20200627,326.0,181.63636363636363,0.45145145145145144,0.5485485485485485,0.14214214214214213,0.5045045045045045,0.3533533533533533,0.0,1.0,567.0,283.5,2,2,326.0,241.0,MIXED,283.5,0.5749559082892416,0.42504409171075835,326.0,0.0,326.0,
656,1090873,20190831,20200921,20200912,758.0,379.0,467.0,467.0,2,2,467.0,291.0,MIXED,467.0,291.0,0.0,0.0,758.0,20191012,291.0,20200125,467.0,379.0,0.6160949868073878,0.3839050131926121,0.6160949868073878,0.3839050131926121,0.0,0.0,1.0,758.0,379.0,2,2,467.0,291.0,MIXED,379.0,0.6160949868073878,0.3839050131926121,0.0,,0.0,
657,1091010,20180922,20200921,20200905,567.0,283.5,352.0,352.0,2,2,0.0,567.0,SALE,215.0,352.0,0.0,0.0,567.0,20190202,352.0,20200314,215.0,283.5,0.0,1.0,0.37918871252204583,0.6208112874779541,0.0,0.0,1.0,215.0,215.0,1,1,0.0,215.0,SALE,215.0,0.0,1.0,0.0,,0.0,
658,1091147,20181013,20200921,20200912,4589.0,458.9,604.0,604.0,10,13,3866.0,723.0,MIXED,1328.0,3261.0,0.0,494.0,4095.0,20190126,317.0,20200905,396.0,353.0,0.8424493353671824,0.1575506646328176,0.2893876661582044,0.7106123338417956,0.0,0.10764872521246459,0.8923512747875354,2575.0,429.1666666666667,6,9,1852.0,723.0,MIXED,286.1111111111111,0.7192233009708738,0.2807766990291262,1265.0,2533.555555555556,1265.0,
659,1091284,20180922,20200921,20200711,1812.0,302.0,343.0,343.0,6,7,296.0,1516.0,MIXED,1564.0,248.0,0.0,0.0,1812.0,20180929,271.0,20200620,343.0,258.85714285714283,0.16335540838852097,0.8366445916114791,0.8631346578366446,0.1368653421633554,0.0,0.0,1.0,639.0,319.5,2,3,296.0,343.0,MIXED,213.0,0.46322378716744916,0.5367762128325508,343.0,0.0,0.0,
660,1091421,20190216,20200921,20200328,821.0,410.5,412.0,412.0,2,4,107.0,714.0,SALE,516.0,305.0,0.0,0.0,821.0,20190803,409.0,20200222,412.0,205.25,0.13032886723507917,0.8696711327649208,0.6285018270401949,0.37149817295980514,0.0,0.0,1.0,412.0,412.0,1,2,107.0,305.0,MIXED,206.0,0.25970873786407767,0.7402912621359223,0.0,,0.0,
661,1091558,20190112,20200921,20200523,786.0,393.0,460.0,460.0,2,3,324.0,462.0,SALE,786.0,0.0,0.0,0.0,786.0,20190119,326.0,20200502,460.0,262.0,0.4122137404580153,0.5877862595419847,1.0,0.0,0.0,0.0,1.0,460.0,460.0,1,2,324.0,136.0,MIXED,230.0,0.7043478260869566,0.2956521739130435,460.0,0.0,0.0,
662,1091695,20190518,20200921,20200919,858.0,429.0,560.0,560.0,2,2,0.0,858.0,SALE,858.0,0.0,0.0,0.0,858.0,20191102,560.0,20191207,298.0,429.0,0.0,1.0,1.0,0.0,0.0,0.0,1.0,858.0,429.0,2,2,0.0,858.0,SALE,429.0,0.0,1.0,0.0,,0.0,
663,1091832,20190202,20200921,20200905,391.0,195.5,253.0,253.0,2,3,46.0,345.0,SALE,391.0,0.0,0.0,0.0,391.0,20190413,253.0,20200307,138.0,130.33333333333334,0.11764705882352941,0.8823529411764706,1.0,0.0,0.0,0.0,1.0,138.0,138.0,1,1,0.0,138.0,SALE,138.0,0.0,1.0,0.0,,0.0,
664,1091969,20190309,20200921,20200704,477.0,238.5,277.0,277.0,2,2,0.0,477.0,SALE,0.0,477.0,0.0,0.0,477.0,20190511,277.0,20200620,200.0,238.5,0.0,1.0,0.0,1.0,0.0,0.0,1.0,200.0,200.0,1,1,0.0,200.0,SALE,200.0,0.0,1.0,200.0,0.0,0.0,
665,1092106,20180922,20200921,20200725,1225.0,306.25,387.0,387.0,4,7,798.0,427.0,FULL PRICE,869.0,356.0,0.0,295.0,930.0,20180922,295.0,20200725,387.0,175.0,0.6514285714285715,0.3485714285714286,0.7093877551020408,0.29061224489795917,0.0,0.24081632653061225,0.7591836734693878,720.0,360.0,2,4,567.0,153.0,FULL PRICE,180.0,0.7875,0.2125,387.0,0.0,387.0,
666,1092243,20190504,20200921,20200411,491.0,245.5,272.0,272.0,2,3,0.0,491.0,SALE,437.0,0.0,54.0,0.0,491.0,20190824,272.0,20191207,219.0,163.66666666666666,0.0,1.0,0.890020366598778,0.0,0.109979633401222,0.0,1.0,219.0,219.0,1,2,0.0,219.0,SALE,109.5,0.0,1.0,0.0,,0.0,
667,1092380,20181201,20200921,20200620,1298.0,324.5,503.0,503.0,4,4,356.0,942.0,MIXED,1298.0,0.0,0.0,0.0,1298.0,20190601,131.0,20200620,356.0,324.5,0.27426810477657937,0.7257318952234206,1.0,0.0,0.0,0.0,1.0,859.0,429.5,2,2,356.0,503.0,MIXED,429.5,0.41443538998835855,0.5855646100116414,356.0,0.0,0.0,
668,1092517,20180929,20200921,20200314,1104.0,552.0,577.0,577.0,2,2,527.0,577.0,MIXED,527.0,0.0,577.0,527.0,577.0,20181103,577.0,20190309,527.0,552.0,0.4773550724637681,0.5226449275362319,0.4773550724637681,0.0,0.5226449275362319,0.4773550724637681,0.5226449275362319,0.0,0.0,0,0,0.0,0.0,UNKNOWN,0.0,0.0,0.0,0.0,,0.0,
669,1092654,20181006,20200921,20200516,721.0,360.5,429.0,429.0,2,7,457.0,264.0,SALE,513.0,208.0,0.0,0.0,721.0,20181208,429.0,20200425,292.0,103.0,0.6338418862690708,0.36615811373092927,0.7115117891816921,0.2884882108183079,0.0,0.0,1.0,292.0,292.0,1,4,255.0,37.0,MIXED,73.0,0.8732876712328768,0.1267123287671233,292.0,0.0,0.0,
670,1092791,20190420,20200921,20200829,1824.0,304.0,409.0,409.0,6,6,678.0,1146.0,SALE,1551.0,0.0,273.0,0.0,1824.0,20190420,273.0,20200808,329.0,304.0,0.3717105263157895,0.6282894736842105,0.850328947368421,0.0,0.14967105263157895,0.0,1.0,748.0,249.33333333333334,3,3,284.0,464.0,SALE,249.33333333333334,0.37967914438502676,0.6203208556149733,329.0,0.0,329.0,
671,1092928,20180929,20200921,20200905,1135.0,283.75,378.0,378.0,4,6,563.0,572.0,SALE,0.0,1135.0,0.0,0.0,1135.0,20190112,232.0,20191214,292.0,189.16666666666666,0.4960352422907489,0.5039647577092511,0.0,1.0,0.0,0.0,1.0,292.0,292.0,1,1,0.0,292.0,SALE,292.0,0.0,1.0,0.0,,0.0,
672,1093065,20190914,20200921,20200919,765.0,382.5,385.0,385.0,2,2,380.0,385.0,MIXED,380.0,385.0,0.0,0.0,765.0,20200829,380.0,20200905,385.0,382.5,0.49673202614379086,0.5032679738562091,0.49673202614379086,0.5032679738562091,0.0,0.0,1.0,765.0,382.5,2,2,380.0,385.0,MIXED,382.5,0.49673202614379086,0.5032679738562091,765.0,6.25,765.0,
673,1093202,20190202,20200921,20200919,808.0,404.0,456.0,456.0,2,4,284.0,524.0,SALE,0.0,808.0,0.0,0.0,808.0,20200516,456.0,20200808,352.0,202.0,0.35148514851485146,0.6485148514851485,0.0,1.0,0.0,0.0,1.0,808.0,404.0,2,4,284.0,524.0,SALE,202.0,0.35148514851485146,0.6485148514851485,808.0,2704.0,352.0,
674,1093339,20181013,20200921,20200912,432.0,216.0,320.0,320.0,2,2,432.0,0.0,FULL PRICE,112.0,320.0,0.0,320.0,112.0,20181215,320.0,20200822,112.0,216.0,1.0,0.0,0.25925925925925924,0.7407407407407407,0.0,0.7407407407407407,0.25925925925925924,112.0,112.0,1,1,112.0,0.0,FULL PRICE,112.0,1.0,0.0,112.0,0.0,112.0,
675,1093476,20190831,20200921,20200919,623.0,311.5,340.0,340.0,2,4,143.0,480.0,SALE,396.0,143.0,84.0,0.0,623.0,20190914,283.0,20200822,340.0,155.75,0.22953451043338685,0.7704654895666132,0.6356340288924559,0.22953451043338685,0.1348314606741573,0.0,1.0,340.0,340.0,1,3,143.0,197.0,SALE,113.33333333333333,0.42058823529411765,0.5794117647058824,340.0,0.0,340.0,
676,1093613,20190323,20200921,20200905,802.0,401.0,440.0,440.0,2,4,440.0,362.0,FULL PRICE,452.0,0.0,350.0,0.0,802.0,20191019,362.0,20200808,440.0,200.5,0.5486284289276808,0.4513715710723192,0.5635910224438903,0.0,0.43640897755610975,0.0,1.0,802.0,401.0,2,4,440.0,362.0,FULL PRICE,200.5,0.5486284289276808,0.4513715710723192,440.0,0.0,440.0,
677,1093750,20181117,20200921,20200905,2113.0,352.1666666666667,446.0,446.0,6,9,0.0,2113.0,SALE,700.0,956.0,457.0,0.0,2113.0,20181215,395.0,20200725,446.0,234.77777777777777,0.0,1.0,0.3312825366777094,0.45243729294841456,0.216280170373876,0.0,1.0,689.0,344.5,2,3,0.0,689.0,SALE,229.66666666666666,0.0,1.0,446.0,0.0,446.0,
678,1093887,20190511,20200921,20200815,1062.0,265.5,352.0,352.0,4,5,0.0,1062.0,SALE,0.0,783.0,279.0,0.0,1062.0,20190706,162.0,20191109,279.0,212.4,0.0,1.0,0.0,0.7372881355932204,0.2627118644067797,0.0,1.0,631.0,315.5,2,3,0.0,631.0,SALE,210.33333333333334,0.0,1.0,0.0,,0.0,
679,1094024,20180922,20200921,20200711,1360.0,340.0,431.0,431.0,4,4,730.0,630.0,SALE,0.0,1360.0,0.0,299.0,1061.0,20190216,299.0,20200314,353.0,340.0,0.5367647058823529,0.4632352941176471,0.0,1.0,0.0,0.21985294117647058,0.7801470588235294,1061.0,353.6666666666667,3,3,431.0,630.0,SALE,353.6666666666667,0.4062205466540999,0.5937794533459001,0.0,,0.0,
680,1094161,20190629,20200921,20200822,856.0,428.0,472.0,472.0,2,6,124.0,732.0,MIXED,499.0,357.0,0.0,0.0,856.0,20200215,472.0,20200822,384.0,142.66666666666666,0.14485981308411214,0.8551401869158879,0.5829439252336449,0.41705607476635514,0.0,0.0,1.0,856.0,428.0,2,6,124.0,732.0,MIXED,142.66666666666666,0.14485981308411214,0.8551401869158879,384.0,0.0,384.0,
681,1094298,20181222,20200921,20200201,633.0,316.5,356.0,356.0,2,2,0.0,633.0,SALE,0.0,633.0,0.0,0.0,633.0,20190525,356.0,20190803,277.0,316.5,0.0,1.0,0.0,1.0,0.0,0.0,1.0,0.0,0.0,0,0,0.0,0.0,UNKNOWN,0.0,0.0,0.0,0.0,,0.0,
682,1094435,20181201,20200921,20200919,1845.0,307.5,420.0,420.0,6,7,374.0,1471.0,SALE,1543.0,0.0,302.0,0.0,1845.0,20181222,374.0,20200905,302.0,263.57142857142856,0.202710027100271,0.797289972899729,0.8363143631436314,0.0,0.16368563685636855,0.0,1.0,1471.0,294.2,5,6,0.0,1471.0,SALE,245.16666666666666,0.0,1.0,496.0,2916.0,496.0,
683,1094572,20190427,20200921,20200801,434.0,217.0,296.0,296.0,2,2,0.0,434.0,SALE,296.0,138.0,0.0,0.0,434.0,20190727,296.0,20200328,138.0,217.0,0.0,1.0,0.6820276497695853,0.31797235023041476,0.0,0.0,1.0,138.0,138.0,1,1,0.0,138.0,SALE,138.0,0.0,1.0,138.0,0.0,0.0,
684,1094709,20180929,20200921,20200613,1300.0,325.0,358.0,358.0,4,5,0.0,1300.0,SALE,972.0,328.0,0.0,303.0,997.0,20181103,303.0,20200516,358.0,260.0,0.0,1.0,0.7476923076923077,0.2523076923076923,0.0,0.23307692307692307,0.7669230769230769,669.0,334.5,2,3,0.0,669.0,SALE,223.0,0.0,1.0,669.0,552.25,0.0,
685,1094846,20190713,20200921,20200829,1192.0,298.0,399.0,399.0,4,5,0.0,1192.0,SALE,246.0,946.0,0.0,0.0,1192.0,20190803,205.0,20200801,246.0,238.4,0.0,1.0,0.2063758389261745,0.7936241610738255,0.0,0.0,1.0,588.0,294.0,2,2,0.0,588.0,SALE,294.0,0.0,1.0,588.0,2304.0,246.0,
686,1094983,20181020,20200921,20200627,620.0,310.0,337.0,337.0,2,2,337.0,283.0,MIXED,620.0,0.0,0.0,0.0,620.0,20190511,337.0,20200328,283.0,310.0,0.5435483870967742,0.45645161290322583,1.0,0.0,0.0,0.0,1.0,283.0,283.0,1,1,0.0,283.0,SALE,283.0,0.0,1.0,283.0,0.0,0.0,
687,1095120,20181222,20200921,20200815,628.0,314.0,338.0,338.0,2,3,628.0,0.0,FULL PRICE,628.0,0.0,0.0,0.0,628.0,20190112,338.0,20200815,290.0,209.33333333333334,1.0,0.0,1.0,0.0,0.0,0.0,1.0,290.0,290.0,1,2,290.0,0.0,FULL PRICE,145.0,1.0,0.0,290.0,0.0,290.0,
688,1095257,20181201,20200921,20200222,595.0,297.5,405.0,405.0,2,5,49.0,546.0,SALE,533.0,28.0,34.0,0.0,595.0,20190105,190.0,20190608,405.0,119.0,0.08235294117647059,0.9176470588235294,0.8957983193277311,0.047058823529411764,0.05714285714285714,0.0,1.0,0.0,0.0,0,0,0.0,0.0,UNKNOWN,0.0,0.0,0.0,0.0,,0.0,
689,1095394,20180922,20200921,20200104,678.0,339.0,372.0,372.0,2,4,306.0,372.0,SALE,0.0,104.0,574.0,0.0,678.0,20180922,306.0,20190810,372.0,169.5,0.45132743362831856,0.5486725663716814,0.0,0.15339233038348082,0.8466076696165191,0.0,1.0,0.0,0.0,0,0,0.0,0.0,UNKNOWN,0.0,0.0,0.0,0.0,,0.0,
690,1095531,20181103,20200921,20200307,400.0,200.0,214.0,214.0,2,4,0.0,400.0,SALE,0.0,251.0,149.0,0.0,400.0,20181117,186.0,20190727,214.0,100.0,0.0,1.0,0.0,0.6275,0.3725,0.0,1.0,0.0,0.0,0,0,0.0,0.0,UNKNOWN,0.0,0.0,0.0,0.0,,0.0,
691,1095668,20181013,20200921,20200208,519.0,259.5,302.0,302.0,2,3,0.0,519.0,SALE,515.0,4.0,0.0,0.0,519.0,20181215,302.0,20200104,217.0,173.0,0.0,1.0,0.9922928709055877,0.007707129094412331,0.0,0.0,1.0,217.0,217.0,1,1,0.0,217.0,SALE,217.0,0.0,1.0,0.0,,0.0,
692,1095805,20181020,20200921,20200905,1789.0,298.1666666666667,366.0,366.0,6,8,493.0,1296.0,SALE,0.0,1476.0,313.0,0.0,1789.0,20181117,220.0,20200502,354.0,223.625,0.2755729457797652,0.7244270542202348,0.0,0.825041922861934,0.17495807713806596,0.0,1.0,1299.0,324.75,4,6,223.0,1076.0,SALE,216.5,0.1716705157813703,0.8283294842186297,667.0,420.25,0.0,
693,1095942,20181103,20200921,20200822,1420.0,355.0,525.0,525.0,4,10,716.0,704.0,SALE,1145.0,274.0,1.0,0.0,1420.0,20181117,395.0,20200627,209.0,142.0,0.504225352112676,0.49577464788732395,0.8063380281690141,0.19295774647887323,0.0007042253521126761,0.0,1.0,500.0,250.0,2,5,17.0,483.0,SALE,100.0,0.034,0.966,500.0,1681.0,209.0,
694,1096079,20181006,20200921,20200502,2091.0,348.5,443.0,443.0,6,7,716.0,1375.0,SALE,1713.0,0.0,378.0,0.0,2091.0,20181013,386.0,20200328,293.0,298.7142857142857,0.34241989478718315,0.6575801052128168,0.8192252510760402,0.0,0.18077474892395984,0.0,1.0,671.0,335.5,2,2,0.0,671.0,SALE,335.5,0.0,1.0,293.0,0.0,0.0,
695,1096216,20180922,20200921,20200829,2038.0,339.6666666666667,428.0,428.0,6,8,518.0,1520.0,MIXED,335.0,1523.0,180.0,271.0,1767.0,20190112,271.0,20200808,365.0,254.75,0.25417075564278707,0.745829244357213,0.16437684003925418,0.7473012757605496,0.08832188420019627,0.13297350343473993,0.8670264965652601,1423.0,355.75,4,6,518.0,905.0,MIXED,237.16666666666666,0.3640196767392832,0.6359803232607167,1088.0,2950.888888888889,365.0,
696,1096353,20180922,20200921,20200502,1706.0,284.3333333333333,325.0,325.0,6,8,93.0,1613.0,SALE,1706.0,0.0,0.0,0.0,1706.0,20181006,291.0,20200215,286.0,213.25,0.05451348182883939,0.9454865181711606,1.0,0.0,0.0,0.0,1.0,286.0,286.0,1,1,0.0,286.0,SALE,286.0,0.0,1.0,0.0,,0.0,
697,1096490,20181006,20200921,20200919,5581.0,465.0833333333333,601.0,601.0,12,14,2761.0,2820.0,SALE,1412.0,3063.0,1106.0,0.0,5581.0,20181110,342.0,20200912,493.0,398.64285714285717,0.49471420892313206,0.505285791076868,0.2530012542555098,0.5488263752015767,0.19817237054291345,0.0,1.0,4112.0,514.0,8,10,2415.0,1697.0,SALE,411.2,0.5873054474708171,0.41269455252918286,2188.0,2106.0,1004.0,
698,1096627,20180922,20200921,20200509,1312.0,328.0,339.0,339.0,4,7,64.0,1248.0,MIXED,1274.0,0.0,38.0,0.0,1312.0,20181229,339.0,20200509,317.0,187.42857142857142,0.04878048780487805,0.9512195121951219,0.9710365853658537,0.0,0.028963414634146343,0.0,1.0,652.0,326.0,2,3,26.0,626.0,MIXED,217.33333333333334,0.03987730061349693,0.9601226993865031,652.0,81.0,0.0,
699,1096764,20190525,20200921,20200411,582.0,291.0,307.0,307.0,2,2,307.0,275.0,MIXED,582.0,0.0,0.0,0.0,582.0,20190525,307.0,20200104,275.0,291.0,0.5274914089347079,0.4725085910652921,1.0,0.0,0.0,0.0,1.0,275.0,275.0,1,1,0.0,275.0,SALE,275.0,0.0,1.0,0.0,,0.0,
700,1096901,20180922,20200921,20200523,1076.0,269.0,406.0,406.0,4,6,185.0,891.0,SALE,284.0,462.0,330.0,0.0,1076.0,20180922,219.0,20200516,406.0,179.33333333333334,0.17193308550185873,0.8280669144981413,0.26394052044609667,0.42936802973977695,0.3066914498141264,0.0,1.0,690.0,345.0,2,3,76.0,614.0,SALE,230.0,0.11014492753623188,0.8898550724637682,406.0,0.0,0.0,
701,1097038,20190316,20200921,20200718,1853.0,308.8333333333333,387.0,387.0,6,6,996.0,857.0,MIXED,690.0,1163.0,0.0,0.0,1853.0,20190810,174.0,20200620,344.0,308.8333333333333,0.5375067458175931,0.4624932541824069,0.372369131138694,0.627630868861306,0.0,0.0,1.0,1679.0,335.8,5,5,996.0,683.0,MIXED,335.8,0.593210244192972,0.406789755807028,1037.0,1094.888888888889,0.0,
702,1097175,20190622,20200921,20200829,1509.0,377.25,461.0,461.0,4,7,639.0,870.0,MIXED,446.0,602.0,461.0,0.0,1509.0,20191228,461.0,20200704,382.0,215.57142857142858,0.4234592445328032,0.5765407554671969,0.29555997349237906,0.39893969516235916,0.3055003313452618,0.0,1.0,1509.0,377.25,4,7,639.0,870.0,MIXED,215.57142857142858,0.4234592445328032,0.5765407554671969,382.0,0.0,382.0,
703,1097312,20180922,20200921,20200815,1463.0,243.83333333333334,321.0,321.0,6,8,80.0,1383.0,SALE,1186.0,0.0,277.0,188.0,1275.0,20180922,203.0,20200808,277.0,182.875,0.05468215994531784,0.9453178400546821,0.810663021189337,0.0,0.18933697881066303,0.12850307587149692,0.8714969241285031,465.0,232.5,2,2,0.0,465.0,SALE,232.5,0.0,1.0,277.0,0.0,277.0,
704,1097449,20181117,20200921,20200905,1080.0,270.0,315.0,315.0,4,4,765.0,315.0,FULL PRICE,522.0,0.0,558.0,0.0,1080.0,20190720,303.0,20200321,243.0,270.0,0.7083333333333334,0.2916666666666667,0.48333333333333334,0.0,0.5166666666666667,0.0,1.0,777.0,259.0,3,3,462.0,315.0,FULL PRICE,259.0,0.5945945945945946,0.40540540540540543,0.0,,0.0,
705,1097586,20180922,20200921,20200725,1754.0,292.3333333333333,403.0,403.0,6,11,342.0,1412.0,MIXED,1034.0,0.0,720.0,0.0,1754.0,20181124,157.0,20200222,321.0,159.45454545454547,0.1949828962371722,0.8050171037628279,0.5895096921322691,0.0,0.4104903078677309,0.0,1.0,724.0,362.0,2,3,136.0,588.0,MIXED,241.33333333333334,0.1878453038674033,0.8121546961325967,0.0,,0.0,
706,1097723,20181103,20200921,20200815,2134.0,355.6666666666667,497.0,497.0,6,12,389.0,1745.0,SALE,348.0,1325.0,461.0,0.0,2134.0,20181215,427.0,20200725,250.0,177.83333333333334,0.18228678537956888,0.8177132146204311,0.16307403936269915,0.6208997188378632,0.21602624179943766,0.0,1.0,934.0,311.3333333333333,3,7,194.0,740.0,SALE,133.42857142857142,0.20770877944325483,0.7922912205567452,250.0,0.0,250.0,
707,1097860,20190427,20200921,20200829,2027.0,337.8333333333333,445.0,445.0,6,7,1388.0,639.0,FULL PRICE,1593.0,0.0,434.0,309.0,1718.0,20190518,292.0,20200822,445.0,289.57142857142856,0.6847557967439566,0.3152442032560434,0.7858904785397138,0.0,0.21410952146028614,0.15244203256043415,0.8475579674395659,1148.0,382.6666666666667,3,4,1108.0,40.0,FULL PRICE,287.0,0.9651567944250871,0.03484320557491289,754.0,4624.0,445.0,
708,1097997,20190511,20200921,20200516,887.0,443.5,482.0,482.0,2,3,256.0,631.0,MIXED,405.0,482.0,0.0,0.0,887.0,20190608,405.0,20200425,482.0,295.6666666666667,0.28861330326944756,0.7113866967305524,0.45659526493799324,0.5434047350620068,0.0,0.0,1.0,482.0,482.0,1,2,256.0,226.0,MIXED,241.0,0.5311203319502075,0.46887966804979253,482.0,0.0,0.0,
709,1098134,20180929,20200921,20200919,5760.0,411.42857142857144,623.0,623.0,14,24,3642.0,2118.0,FULL PRICE,714.0,4382.0,664.0,1022.0,4738.0,20180929,265.0,20200808,368.0,240.0,0.6322916666666667,0.36770833333333336,0.12395833333333334,0.7607638888888889,0.11527777777777778,0.17743055555555556,0.8225694444444445,1741.0,435.25,4,9,1010.0,731.0,FULL PRICE,193.44444444444446,0.5801263641585296,0.4198736358414704,1741.0,16960.1875,845.0,
710,1098271,20181013,20200921,20200704,1612.0,268.6666666666667,370.0,370.0,6,10,170.0,1442.0,SALE,477.0,1132.0,3.0,0.0,1612.0,20181103,208.0,20200523,259.0,161.2,0.1054590570719603,0.8945409429280397,0.29590570719602977,0.7022332506203474,0.0018610421836228288,0.0,1.0,809.0,269.6666666666667,3,6,14.0,795.0,SALE,134.83333333333334,0.0173053152039555,0.9826946847960445,259.0,0.0,0.0,
711,1098408,20181103,20200921,20200919,1319.0,329.75,360.0,360.0,4,5,0.0,1319.0,SALE,964.0,355.0,0.0,0.0,1319.0,20190601,360.0,20200829,355.0,263.8,0.0,1.0,0.7308567096285065,0.26914329037149354,0.0,0.0,1.0,959.0,319.6666666666667,3,4,0.0,959.0,SALE,239.75,0.0,1.0,355.0,0.0,355.0,
712,1098545,20180922,20200921,20200919,13945.0,581.0416666666666,865.0,865.0,24,38,11301.0,2644.0,MIXED,9842.0,2203.0,1900.0,2094.0,11851.0,20181006,687.0,20200912,806.0,366.9736842105263,0.810397992111868,0.18960200788813195,0.7057726783793474,0.15797776980996772,0.13624955181068482,0.15016134815346002,0.84983865184654,8319.0,594.2142857142857,14,21,6252.0,2067.0,MIXED,396.14285714285717,0.7515326361341508,0.24846736386584925,4901.0,18238.984375,3157.0,
713,1098682,20190309,20200921,20200905,1718.0,286.3333333333333,370.0,370.0,6,6,592.0,1126.0,MIXED,1455.0,263.0,0.0,263.0,1455.0,20190330,163.0,20200215,257.0,286.3333333333333,0.3445867287543655,0.6554132712456344,0.8469150174621654,0.1530849825378347,0.0,0.1530849825378347,0.8469150174621654,850.0,283.3333333333333,3,3,257.0,593.0,MIXED,283.3333333333333,0.3023529411764706,0.6976470588235294,0.0,,0.0,
714,1098819,20181006,20200921,20200829,1082.0,270.5,336.0,336.0,4,8,61.0,1021.0,SALE,746.0,0.0,336.0,0.0,1082.0,20181020,193.0,20200808,283.0,135.25,0.056377079482439925,0.94362292051756,0.6894639556377079,0.0,0.31053604436229204,0.0,1.0,619.0,309.5,2,5,37.0,582.0,SALE,123.8,0.05977382875605816,0.9402261712439418,283.0,0.0,283.0,
715,1098956,20181124,20200921,20200912,1401.0,350.25,521.0,521.0,4,6,270.0,1131.0,SALE,0.0,1401.0,0.0,270.0,1131.0,20190202,299.0,20200912,311.0,233.5,0.19271948608137046,0.8072805139186295,0.0,1.0,0.0,0.19271948608137046,0.8072805139186295,832.0,416.0,2,4,0.0,832.0,SALE,208.0,0.0,1.0,832.0,11025.0,832.0,
716,1099093,20180929,20200921,20200829,1998.0,499.5,672.0,672.0,4,7,1737.0,261.0,FULL PRICE,253.0,1459.0,286.0,0.0,1998.0,20190914,672.0,20200523,441.0,285.42857142857144,0.8693693693693694,0.13063063063063063,0.12662662662662663,0.7302302302302303,0.14314314314314314,0.0,1.0,1326.0,442.0,3,4,1065.0,261.0,FULL PRICE,331.5,0.8031674208144797,0.19683257918552036,441.0,0.0,0.0,
717,1099230,20180922,20200921,20200725,1145.0,286.25,343.0,343.0,4,6,481.0,664.0,SALE,127.0,1018.0,0.0,0.0,1145.0,20180922,324.0,20200725,280.0,190.83333333333334,0.4200873362445415,0.5799126637554585,0.11091703056768559,0.8890829694323145,0.0,0.0,1.0,623.0,311.5,2,4,157.0,466.0,SALE,155.75,0.2520064205457464,0.7479935794542536,280.0,0.0,280.0,
718,1099367,20190817,20200921,20200919,652.0,326.0,357.0,357.0,2,5,2.0,650.0,SALE,650.0,0.0,2.0,0.0,652.0,20200307,295.0,20200822,357.0,130.4,0.003067484662576687,0.9969325153374233,0.9969325153374233,0.0,0.003067484662576687,0.0,1.0,652.0,326.0,2,5,2.0,650.0,SALE,130.4,0.003067484662576687,0.9969325153374233,357.0,0.0,357.0,
719,1099504,20190209,20200921,20200801,1561.0,260.1666666666667,462.0,462.0,6,12,477.0,1084.0,SALE,1408.0,2.0,151.0,0.0,1561.0,20190615,256.0,20200620,151.0,130.08333333333334,0.30557335041639977,0.6944266495836002,0.9019859064702114,0.0012812299807815502,0.09673286354900705,0.0,1.0,1305.0,261.0,5,11,221.0,1084.0,SALE,118.63636363636364,0.16934865900383142,0.8306513409961686,341.0,380.25,0.0,
720,1099641,20181020,20200921,20200905,1049.0,262.25,329.0,329.0,4,7,357.0,692.0,SALE,476.0,233.0,340.0,0.0,1049.0,20181124,233.0,20200905,233.0,149.85714285714286,0.340324118207817,0.6596758817921831,0.45376549094375596,0.2221163012392755,0.32411820781696854,0.0,1.0,562.0,281.0,2,2,329.0,233.0,MIXED,281.0,0.5854092526690391,0.41459074733096085,562.0,2304.0,233.0,
721,1099778,20190330,20200921,20200704,563.0,281.5,282.0,282.0,2,3,40.0,523.0,SALE,523.0,0.0,40.0,0.0,563.0,20190921,281.0,20191221,282.0,187.66666666666666,0.07104795737122557,0.9289520426287744,0.9289520426287744,0.0,0.07104795737122557,0.0,1.0,282.0,282.0,1,1,0.0,282.0,SALE,282.0,0.0,1.0,0.0,,0.0,
722,1099915,20190427,20200921,20200905,1977.0,329.5,378.0,378.0,6,7,987.0,990.0,FULL PRICE,0.0,1628.0,349.0,0.0,1977.0,20190518,295.0,20200620,378.0,282.42857142857144,0.4992412746585736,0.5007587253414264,0.0,0.8234699038947901,0.17653009610520992,0.0,1.0,1682.0,336.4,5,6,987.0,695.0,FULL PRICE,280.3333333333333,0.5868014268727705,0.41319857312722946,1003.0,1701.5555555555554,0.0,
723,1100052,20180929,20200921,20200919,1294.0,323.5,429.0,429.0,4,5,0.0,1294.0,SALE,0.0,1294.0,0.0,0.0,1294.0,20190119,241.0,20200829,292.0,258.8,0.0,1.0,0.0,1.0,0.0,0.0,1.0,1053.0,351.0,3,4,0.0,1053.0,SALE,263.25,0.0,1.0,292.0,0.0,292.0,
724,1100189,20181013,20200921,20200822,4970.0,414.1666666666667,613.0,613.0,12,17,3891.0,1079.0,FULL PRICE,1034.0,3077.0,859.0,1018.0,3952.0,20181020,281.0,20200808,613.0,292.3529411764706,0.782897384305835,0.217102615694165,0.2080482897384306,0.6191146881287727,0.17283702213279678,0.20482897384305834,0.7951710261569417,2511.0,502.2,5,7,1946.0,565.0,FULL PRICE,358.7142857142857,0.7749900438072481,0.22500995619275188,613.0,0.0,613.0,
725,1100326,20180922,20200921,20200801,1832.0,305.3333333333333,389.0,389.0,6,9,638.0,1194.0,SALE,1369.0,230.0,233.0,323.0,1509.0,20180922,319.0,20191214,333.0,203.55555555555554,0.3482532751091703,0.6517467248908297,0.7472707423580786,0.12554585152838427,0.12718340611353712,0.17631004366812228,0.8236899563318777,333.0,333.0,1,1,0.0,333.0,SALE,333.0,0.0,1.0,0.0,,0.0,
726,1100463,20190413,20200921,20200801,1088.0,272.0,355.0,355.0,4,10,0.0,1088.0,SALE,452.0,636.0,0.0,0.0,1088.0,20190831,302.0,20200509,171.0,108.8,0.0,1.0,0.41544117647058826,0.5845588235294118,0.0,0.0,1.0,786.0,262.0,3,9,0.0,786.0,SALE,87.33333333333333,0.0,1.0,526.0,8464.0,0.0,
727,1100600,20181027,20200921,20200829,1570.0,392.5,579.0,579.0,4,7,461.0,1109.0,SALE,579.0,991.0,0.0,461.0,1109.0,20190105,281.0,20200829,579.0,224.28571428571428,0.29363057324840763,0.7063694267515923,0.3687898089171974,0.6312101910828025,0.0,0.29363057324840763,0.7063694267515923,828.0,414.0,2,4,0.0,828.0,SALE,207.0,0.0,1.0,828.0,27225.0,579.0,
728,1100737,20181020,20200921,20200201,599.0,299.5,327.0,327.0,2,5,85.0,514.0,SALE,299.0,300.0,0.0,0.0,599.0,20190223,327.0,20190622,272.0,119.8,0.1419031719532554,0.8580968280467446,0.4991652754590985,0.5008347245409015,0.0,0.0,1.0,0.0,0.0,0,0,0.0,0.0,UNKNOWN,0.0,0.0,0.0,0.0,,0.0,
729,1100874,20181215,20200921,20200613,579.0,289.5,312.0,312.0,2,2,0.0,579.0,SALE,312.0,0.0,267.0,267.0,312.0,20190223,267.0,20200104,312.0,289.5,0.0,1.0,0.538860103626943,0.0,0.46113989637305697,0.46113989637305697,0.538860103626943,312.0,312.0,1,1,0.0,312.0,SALE,312.0,0.0,1.0,0.0,,0.0,
730,1101011,20181201,20200921,20200321,542.0,271.0,273.0,273.0,2,4,0.0,542.0,SALE,0.0,416.0,126.0,0.0,542.0,20190223,273.0,20200118,269.0,135.5,0.0,1.0,0.0,0.7675276752767528,0.23247232472324722,0.0,1.0,269.0,269.0,1,1,0.0,269.0,SALE,269.0,0.0,1.0,0.0,,0.0,
731,1101148,20180922,20200921,20200829,1756.0,292.6666666666667,417.0,417.0,6,12,453.0,1303.0,FULL PRICE,1491.0,0.0,265.0,0.0,1756.0,20180929,302.0,20200822,417.0,146.33333333333334,0.2579726651480638,0.7420273348519362,0.8490888382687927,0.0,0.15091116173120728,0.0,1.0,736.0,368.0,2,5,48.0,688.0,FULL PRICE,147.2,0.06521739130434782,0.9347826086956522,417.0,0.0,417.0,
732,1101285,20180922,20200921,20200829,1692.0,423.0,563.0,563.0,4,5,480.0,1212.0,SALE,1692.0,0.0,0.0,0.0,1692.0,20180922,480.0,20200509,563.0,338.4,0.28368794326241137,0.7163120567375887,1.0,0.0,0.0,0.0,1.0,902.0,451.0,2,2,0.0,902.0,SALE,451.0,0.0,1.0,902.0,12544.0,0.0,
733,1101422,20190209,20200921,20200912,1447.0,361.75,440.0,440.0,4,5,364.0,1083.0,SALE,420.0,1027.0,0.0,0.0,1447.0,20190720,368.0,20200815,275.0,289.4,0.2515549412577747,0.7484450587422253,0.2902557014512785,0.7097442985487215,0.0,0.0,1.0,1079.0,359.6666666666667,3,3,364.0,715.0,SALE,359.6666666666667,0.3373493975903614,0.6626506024096386,715.0,6806.25,275.0,
734,1101559,20190622,20200921,20200523,638.0,319.0,355.0,355.0,2,5,0.0,638.0,SALE,638.0,0.0,0.0,0.0,638.0,20191130,355.0,20200516,283.0,127.6,0.0,1.0,1.0,0.0,0.0,0.0,1.0,638.0,319.0,2,5,0.0,638.0,SALE,127.6,0.0,1.0,283.0,0.0,0.0,
735,1101696,20180922,20200921,20200822,1002.0,250.5,306.0,306.0,4,8,450.0,552.0,SALE,769.0,47.0,186.0,0.0,1002.0,20181222,186.0,20200125,214.0,125.25,0.4491017964071856,0.5508982035928144,0.7674650698602794,0.046906187624750496,0.18562874251497005,0.0,1.0,510.0,255.0,2,5,0.0,510.0,SALE,102.0,0.0,1.0,0.0,,0.0,
736,1101833,20180929,20200921,20200905,1536.0,384.0,417.0,417.0,4,6,765.0,771.0,SALE,295.0,1214.0,27.0,375.0,1161.0,20181103,414.0,20200822,330.0,256.0,0.498046875,0.501953125,0.19205729166666666,0.7903645833333334,0.017578125,0.244140625,0.755859375,330.0,330.0,1,2,0.0,330.0,SALE,165.0,0.0,1.0,330.0,0.0,330.0,
737,1101970,20181103,20200921,20200919,1915.0,319.1666666666667,412.0,412.0,6,7,212.0,1703.0,SALE,451.0,889.0,575.0,0.0,1915.0,20190608,321.0,20200912,356.0,273.57142857142856,0.11070496083550914,0.8892950391644908,0.23550913838120105,0.46422976501305485,0.3002610966057441,0.0,1.0,1594.0,318.8,5,6,212.0,1382.0,SALE,265.6666666666667,0.1329987452948557,0.8670012547051443,1382.0,3986.75,598.0,
738,1102107,20180922,20200921,20200912,1163.0,290.75,392.0,392.0,4,7,289.0,874.0,SALE,58.0,1105.0,0.0,0.0,1163.0,20180922,392.0,20200711,162.0,166.14285714285714,0.24849527085124679,0.7515047291487532,0.04987102321582115,0.9501289767841788,0.0,0.0,1.0,162.0,162.0,1,2,0.0,162.0,SALE,81.0,0.0,1.0,162.0,0.0,162.0,
739,1102244,20190622,20200921,20200822,748.0,374.0,380.0,380.0,2,2,368.0,380.0,MIXED,368.0,380.0,0.0,368.0,380.0,20190907,380.0,20190928,368.0,374.0,0.4919786096256685,0.5080213903743316,0.4919786096256685,0.5080213903743316,0.0,0.4919786096256685,0.5080213903743316,368.0,368.0,1,1,368.0,0.0,FULL PRICE,368.0,1.0,0.0,0.0,,0.0,
740,1102381,20180922,20200921,20200905,1245.0,311.25,403.0,403.0,4,10,436.0,809.0,SALE,0.0,526.0,719.0,0.0,1245.0,20180922,403.0,20200905,140.0,124.5,0.3502008032128514,0.6497991967871486,0.0,0.42248995983935744,0.5775100401606426,0.0,1.0,534.0,267.0,2,4,0.0,534.0,SALE,133.5,0.0,1.0,140.0,0.0,140.0,
741,1102518,20181013,20200921,20200912,4330.0,360.8333333333333,570.0,570.0,12,17,3900.0,430.0,FULL PRICE,3395.0,935.0,0.0,0.0,4330.0,20181117,206.0,20200912,319.0,254.7058823529412,0.9006928406466512,0.09930715935334873,0.7840646651270208,0.21593533487297922,0.0,0.0,1.0,1330.0,332.5,4,8,945.0,385.0,FULL PRICE,166.25,0.7105263157894737,0.2894736842105263,319.0,0.0,319.0,
742,1102655,20181110,20200921,20200725,936.0,234.0,276.0,276.0,4,6,0.0,936.0,SALE,342.0,318.0,276.0,0.0,936.0,20181215,238.0,20200321,193.0,156.0,0.0,1.0,0.36538461538461536,0.33974358974358976,0.2948717948717949,0.0,1.0,698.0,232.66666666666666,3,4,0.0,698.0,SALE,174.5,0.0,1.0,0.0,,0.0,
743,1102792,20181103,20200921,20200620,1992.0,332.0,398.0,398.0,6,7,377.0,1615.0,MIXED,1752.0,0.0,240.0,0.0,1992.0,20190105,398.0,20200328,377.0,284.57142857142856,0.1892570281124498,0.8107429718875502,0.8795180722891566,0.0,0.12048192771084337,0.0,1.0,970.0,323.3333333333333,3,3,377.0,593.0,MIXED,323.3333333333333,0.388659793814433,0.6113402061855671,377.0,0.0,0.0,
744,1102929,20181027,20200921,20200229,609.0,304.5,449.0,449.0,2,3,0.0,609.0,SALE,449.0,160.0,0.0,0.0,609.0,20190223,160.0,20191214,449.0,203.0,0.0,1.0,0.7372742200328407,0.2627257799671593,0.0,0.0,1.0,449.0,449.0,1,1,0.0,449.0,SALE,449.0,0.0,1.0,0.0,,0.0,
745,1103066,20180929,20200921,20200704,1916.0,479.0,516.0,516.0,4,9,1639.0,277.0,FULL PRICE,1743.0,0.0,173.0,0.0,1916.0,20181013,463.0,20200704,507.0,212.88888888888889,0.855427974947808,0.14457202505219208,0.9097077244258872,0.0,0.09029227557411273,0.0,1.0,507.0,507.0,1,3,320.0,187.0,FULL PRICE,169.0,0.631163708086785,0.368836291913215,507.0,0.0,507.0,
746,1103203,20180922,20200921,20190914,583.0,291.5,301.0,301.0,2,5,284.0,299.0,SALE,0.0,583.0,0.0,0.0,583.0,20190615,301.0,20190629,282.0,116.6,0.48713550600343053,0.5128644939965694,0.0,1.0,0.0,0.0,1.0,0.0,0.0,0,0,0.0,0.0,UNKNOWN,0.0,0.0,0.0,0.0,,0.0,
747,1103340,20181201,20200921,20200919,587.0,293.5,367.0,367.0,2,3,0.0,587.0,SALE,0.0,367.0,220.0,0.0,587.0,20190406,220.0,20191207,367.0,195.66666666666666,0.0,1.0,0.0,0.6252129471890971,0.3747870528109029,0.0,1.0,367.0,367.0,1,2,0.0,367.0,SALE,183.5,0.0,1.0,0.0,,0.0,
748,1103477,20181013,20200921,20200222,1821.0,303.5,432.0,432.0,6,6,0.0,1821.0,SALE,0.0,1648.0,173.0,173.0,1648.0,20181208,423.0,20200125,229.0,303.5,0.0,1.0,0.0,0.9049972542559034,0.09500274574409664,0.09500274574409664,0.9049972542559034,463.0,231.5,2,2,0.0,463.0,SALE,231.5,0.0,1.0,0.0,,0.0,
749,1103614,20181229,20200921,20200912,1992.0,332.0,409.0,409.0,6,8,279.0,1713.0,SALE,279.0,1713.0,0.0,287.0,1705.0,20190105,220.0,20200912,409.0,249.0,0.14006024096385541,0.8599397590361446,0.14006024096385541,0.8599397590361446,0.0,0.14407630522088352,0.8559236947791165,1374.0,343.5,4,6,279.0,1095.0,SALE,229.0,0.20305676855895197,0.7969432314410481,409.0,0.0,409.0,
750,1103751,20181222,20200921,20200613,1268.0,317.0,407.0,407.0,4,5,191.0,1077.0,SALE,1077.0,0.0,191.0,0.0,1268.0,20190223,268.0,20200111,402.0,253.6,0.15063091482649843,0.8493690851735016,0.8493690851735016,0.0,0.15063091482649843,0.0,1.0,402.0,402.0,1,2,0.0,402.0,SALE,201.0,0.0,1.0,0.0,,0.0,
751,1103888,20181117,20200921,20200905,2204.0,367.3333333333333,485.0,485.0,6,10,622.0,1582.0,SALE,373.0,1264.0,567.0,0.0,2204.0,20190105,485.0,20200905,409.0,220.4,0.2822141560798548,0.7177858439201452,0.1692377495462795,0.573502722323049,0.2572595281306715,0.0,1.0,1406.0,351.5,4,8,622.0,784.0,SALE,175.75,0.4423897581792319,0.5576102418207681,1101.0,1522.6666666666667,724.0,
752,1104025,20180929,20200921,20200905,1247.0,311.75,358.0,358.0,4,8,511.0,736.0,MIXED,337.0,910.0,0.0,0.0,1247.0,20181110,358.0,20200815,300.0,155.875,0.40978348035284684,0.5902165196471532,0.2702485966319166,0.7297514033680834,0.0,0.0,1.0,597.0,298.5,2,4,300.0,297.0,MIXED,149.25,0.5025125628140703,0.49748743718592964,597.0,2.25,597.0,
753,1104162,20181020,20200921,20200425,563.0,281.5,350.0,350.0,2,2,350.0,213.0,MIXED,0.0,563.0,0.0,0.0,563.0,20190323,350.0,20200418,213.0,281.5,0.6216696269982238,0.3783303730017762,0.0,1.0,0.0,0.0,1.0,213.0,213.0,1,1,0.0,213.0,SALE,213.0,0.0,1.0,213.0,0.0,0.0,
754,1104299,20180922,20200921,20200523,1717.0,286.1666666666667,373.0,373.0,6,6,243.0,1474.0,SALE,0.0,1717.0,0.0,161.0,1556.0,20180929,269.0,20200425,161.0,286.1666666666667,0.1415259172976121,0.8584740827023879,0.0,1.0,0.0,0.0937682003494467,0.9062317996505533,832.0,277.3333333333333,3,3,0.0,832.0,SALE,277.3333333333333,0.0,1.0,161.0,0.0,0.0,
755,1104436,20181027,20200921,20200711,1707.0,284.5,405.0,405.0,6,12,4.0,1703.0,SALE,436.0,1238.0,33.0,0.0,1707.0,20190202,273.0,20200613,194.0,142.25,0.0023432923257176333,0.9976567076742824,0.255418863503222,0.7252489748096075,0.019332161687170474,0.0,1.0,836.0,278.6666666666667,3,5,0.0,836.0,SALE,167.2,0.0,1.0,194.0,0.0,0.0,
756,1104573,20181020,20200921,20200509,1448.0,362.0,438.0,438.0,4,6,166.0,1282.0,SALE,1448.0,0.0,0.0,438.0,1010.0,20190119,438.0,20200425,302.0,241.33333333333334,0.11464088397790055,0.8853591160220995,1.0,0.0,0.0,0.30248618784530384,0.6975138121546961,679.0,339.5,2,3,166.0,513.0,SALE,226.33333333333334,0.24447717231222385,0.7555228276877761,679.0,1406.25,0.0,
757,1104710,20180922,20200921,20200919,2214.0,369.0,423.0,423.0,6,10,1245.0,969.0,MIXED,394.0,1642.0,178.0,315.0,1899.0,20181229,335.0,20200606,315.0,221.4,0.5623306233062331,0.43766937669376693,0.17795844625112917,0.7416440831074977,0.08039747064137308,0.14227642276422764,0.8577235772357723,1116.0,372.0,3,4,477.0,639.0,MIXED,279.0,0.4274193548387097,0.5725806451612904,315.0,0.0,0.0,
758,1104847,20180922,20200921,20200822,616.0,308.0,384.0,384.0,2,2,0.0,616.0,SALE,616.0,0.0,0.0,0.0,616.0,20180929,232.0,20200425,384.0,308.0,0.0,1.0,1.0,0.0,0.0,0.0,1.0,384.0,384.0,1,1,0.0,384.0,SALE,384.0,0.0,1.0,384.0,0.0,0.0,
759,1104984,20181201,20200921,20200509,1090.0,272.5,345.0,345.0,4,10,201.0,889.0,SALE,866.0,4.0,220.0,278.0,812.0,20181201,231.0,20190727,236.0,109.0,0.18440366972477065,0.8155963302752294,0.7944954128440367,0.003669724770642202,0.2018348623853211,0.25504587155963304,0.744954128440367,0.0,0.0,0,0,0.0,0.0,UNKNOWN,0.0,0.0,0.0,0.0,,0.0,
760,1105121,20181103,20200921,20200523,665.0,332.5,342.0,342.0,2,2,0.0,665.0,SALE,665.0,0.0,0.0,342.0,323.0,20181124,323.0,20190406,342.0,332.5,0.0,1.0,1.0,0.0,0.0,0.5142857142857142,0.4857142857142857,0.0,0.0,0,0,0.0,0.0,UNKNOWN,0.0,0.0,0.0,0.0,,0.0,
761,1105258,20181222,20200921,20200829,1381.0,345.25,384.0,384.0,4,6,279.0,1102.0,SALE,1062.0,40.0,279.0,0.0,1381.0,20190629,279.0,20200801,362.0,230.16666666666666,0.20202751629254165,0.7979724837074583,0.7690079652425779,0.02896451846488052,0.20202751629254165,0.0,1.0,718.0,359.0,2,3,0.0,718.0,SALE,239.33333333333334,0.0,1.0,362.0,0.0,362.0,
762,1105395,20181006,20200921,20200711,2107.0,351.1666666666667,401.0,401.0,6,7,2107.0,0.0,FULL PRICE,1706.0,0.0,401.0,371.0,1736.0,20181124,345.0,20200613,307.0,301.0,1.0,0.0,0.8096820123398196,0.0,0.19031798766018035,0.1760797342192691,0.8239202657807309,1056.0,352.0,3,4,1056.0,0.0,FULL PRICE,264.0,1.0,0.0,307.0,0.0,0.0,
763,1105532,20190302,20200921,20200912,2148.0,358.0,434.0,434.0,6,7,23.0,2125.0,SALE,0.0,2148.0,0.0,0.0,2148.0,20190413,335.0,20200822,220.0,306.85714285714283,0.010707635009310988,0.9892923649906891,0.0,1.0,0.0,0.0,1.0,949.0,316.3333333333333,3,3,0.0,949.0,SALE,316.3333333333333,0.0,1.0,220.0,0.0,220.0,
764,1105669,20190720,20200921,20200815,515.0,257.5,295.0,295.0,2,3,0.0,515.0,SALE,0.0,415.0,100.0,0.0,515.0,20190810,295.0,20191123,220.0,171.66666666666666,0.0,1.0,0.0,0.8058252427184466,0.1941747572815534,0.0,1.0,220.0,220.0,1,2,0.0,220.0,SALE,110.0,0.0,1.0,0.0,,0.0,
765,1105806,20181013,20200921,20200801,1388.0,347.0,397.0,397.0,4,4,0.0,1388.0,SALE,701.0,354.0,333.0,0.0,1388.0,20181124,354.0,20200718,304.0,347.0,0.0,1.0,0.5050432276657061,0.25504322766570603,0.23991354466858789,0.0,1.0,1034.0,344.6666666666667,3,3,0.0,1034.0,SALE,344.6666666666667,0.0,1.0,701.0,2162.25,701.0,
766,1105943,20181013,20200921,20200829,1404.0,351.0,418.0,418.0,4,6,698.0,706.0,SALE,707.0,0.0,697.0,0.0,1404.0,20190105,418.0,20191005,412.0,234.0,0.49715099715099714,0.5028490028490028,0.5035612535612536,0.0,0.4964387464387464,0.0,1.0,412.0,412.0,1,1,0.0,412.0,SALE,412.0,0.0,1.0,0.0,,0.0,
767,1106080,20180922,20200921,20200201,640.0,320.0,321.0,321.0,2,2,319.0,321.0,MIXED,321.0,319.0,0.0,0.0,640.0,20180922,321.0,20191005,319.0,320.0,0.4984375,0.5015625,0.5015625,0.4984375,0.0,0.0,1.0,319.0,319.0,1,1,319.0,0.0,FULL PRICE,319.0,1.0,0.0,0.0,,0.0,
768,1106217,20181013,20200921,20200919,5185.0,432.0833333333333,635.0,635.0,12,19,3278.0,1907.0,FULL PRICE,1310.0,3573.0,302.0,468.0,4717.0,20181103,465.0,20200829,330.0,272.89473684210526,0.6322082931533269,0.3677917068466731,0.25265188042430087,0.6891031822565091,0.05824493731918997,0.09026036644165863,0.9097396335583414,2816.0,469.3333333333333,6,9,1629.0,1187.0,FULL PRICE,312.8888888888889,0.5784801136363636,0.42151988636363635,1556.0,5445.0,1254.0,
769,1106354,20181103,20200921,20200919,588.0,294.0,334.0,334.0,2,2,588.0,0.0,FULL PRICE,334.0,254.0,0.0,0.0,588.0,20190105,334.0,20190316,254.0,294.0,1.0,0.0,0.5680272108843537,0.43197278911564624,0.0,0.0,1.0,0.0,0.0,0,0,0.0,0.0,UNKNOWN,0.0,0.0,0.0,0.0,,0.0,
770,1106491,20191116,20200921,20200711,684.0,342.0,401.0,401.0,2,3,169.0,515.0,SALE,684.0,0.0,0.0,0.0,684.0,20191123,283.0,20200215,401.0,228.0,0.24707602339181287,0.7529239766081871,1.0,0.0,0.0,0.0,1.0,684.0,342.0,2,3,169.0,515.0,SALE,228.0,0.24707602339181287,0.7529239766081871,0.0,,0.0,
771,1106628,20190105,20200921,20200912,547.0,273.5,327.0,327.0,2,2,220.0,327.0,MIXED,220.0,327.0,0.0,0.0,547.0,20190727,327.0,20200711,220.0,273.5,0.40219378427787933,0.5978062157221207,0.40219378427787933,0.5978062157221207,0.0,0.0,1.0,220.0,220.0,1,1,220.0,0.0,FULL PRICE,220.0,1.0,0.0,220.0,0.0,220.0,
772,1106765,20181229,20200921,20200516,3086.0,514.3333333333334,704.0,704.0,6,7,3086.0,0.0,FULL PRICE,0.0,2228.0,858.0,600.0,2486.0,20190126,600.0,20200516,439.0,440.85714285714283,1.0,0.0,0.0,0.7219701879455606,0.2780298120544394,0.19442644199611148,0.8055735580038885,1143.0,571.5,2,3,1143.0,0.0,FULL PRICE,381.0,1.0,0.0,439.0,0.0,0.0,
773,1106902,20180929,20200921,20200411,2283.0,380.5,486.0,486.0,6,11,557.0,1726.0,SALE,15.0,2236.0,32.0,0.0,2283.0,20190126,279.0,20191123,279.0,207.54545454545453,0.2439772229522558,0.7560227770477442,0.006570302233902759,0.979413053000438,0.01401664476565922,0.0,1.0,665.0,332.5,2,4,32.0,633.0,SALE,166.25,0.0481203007518797,0.9518796992481203,0.0,,0.0,
774,1107039,20181013,20200921,20200829,2104.0,350.6666666666667,423.0,423.0,6,10,1397.0,707.0,FULL PRICE,2030.0,17.0,57.0,0.0,2104.0,20181020,304.0,20200523,311.0,210.4,0.6639733840304183,0.3360266159695818,0.964828897338403,0.008079847908745247,0.02709125475285171,0.0,1.0,1124.0,374.6666666666667,3,5,719.0,405.0,FULL PRICE,224.8,0.6396797153024911,0.3603202846975089,701.0,1560.25,0.0,
775,1107176,20180929,20200921,20200411,1860.0,310.0,385.0,385.0,6,10,474.0,1386.0,FULL PRICE,1794.0,66.0,0.0,0.0,1860.0,20181117,340.0,20200404,164.0,186.0,0.25483870967741934,0.7451612903225806,0.964516129032258,0.035483870967741936,0.0,0.0,1.0,474.0,237.0,2,2,474.0,0.0,FULL PRICE,237.0,1.0,0.0,164.0,0.0,0.0,
776,1107313,20181027,20200921,20200516,1385.0,346.25,456.0,456.0,4,6,0.0,1385.0,SALE,573.0,812.0,0.0,0.0,1385.0,20190831,456.0,20200516,262.0,230.83333333333334,0.0,1.0,0.41371841155234657,0.5862815884476534,0.0,0.0,1.0,929.0,309.6666666666667,3,5,0.0,929.0,SALE,185.8,0.0,1.0,585.0,930.25,0.0,
777,1107450,20180922,20200921,20200822,2552.0,425.3333333333333,515.0,515.0,6,9,2390.0,162.0,FULL PRICE,375.0,1694.0,483.0,441.0,2111.0,20181229,441.0,20200725,380.0,283.55555555555554,0.9365203761755486,0.06347962382445141,0.1469435736677116,0.6637931034482759,0.18926332288401254,0.17280564263322884,0.8271943573667712,1596.0,399.0,4,5,1434.0,162.0,FULL PRICE,319.2,0.8984962406015038,0.10150375939849623,1596.0,2418.5,380.0,
778,1107587,20180922,20200921,20200125,2018.0,336.3333333333333,467.0,467.0,6,10,635.0,1383.0,SALE,1438.0,552.0,28.0,0.0,2018.0,20181020,362.0,20200104,391.0,201.8,0.31466798810703667,0.6853320118929633,0.7125867195242814,0.27353815659068387,0.013875123885034688,0.0,1.0,391.0,391.0,1,5,24.0,367.0,SALE,78.2,0.061381074168797956,0.9386189258312021,0.0,,0.0,
779,1107724,20181208,20200921,20200815,2034.0,339.0,474.0,474.0,6,10,732.0,1302.0,SALE,768.0,0.0,1266.0,0.0,2034.0,20190427,379.0,20200815,193.0,203.4,0.35988200589970504,0.640117994100295,0.3775811209439528,0.0,0.6224188790560472,0.0,1.0,1033.0,344.3333333333333,3,7,0.0,1033.0,SALE,147.57142857142858,0.0,1.0,1033.0,13394.88888888889,667.0,
780,1107861,20181117,20200921,20200523,1973.0,328.8333333333333,420.0,420.0,6,8,406.0,1567.0,SALE,795.0,1154.0,24.0,328.0,1645.0,20181222,328.0,20200118,256.0,246.625,0.20577800304105423,0.7942219969589458,0.40293968575772937,0.5848960973137354,0.012164216928535226,0.16624429802331475,0.8337557019766852,644.0,322.0,2,2,388.0,256.0,MIXED,322.0,0.6024844720496895,0.39751552795031053,0.0,,0.0,
781,1107998,20190316,20200921,20200822,537.0,268.5,331.0,331.0,2,3,331.0,206.0,SALE,357.0,0.0,180.0,0.0,537.0,20190413,331.0,20200808,206.0,179.0,0.6163873370577281,0.38361266294227186,0.664804469273743,0.0,0.33519553072625696,0.0,1.0,206.0,206.0,1,2,0.0,206.0,SALE,103.0,0.0,1.0,206.0,0.0,206.0,
782,1108135,20181006,20200921,20200314,2022.0,337.0,392.0,392.0,6,14,89.0,1933.0,SALE,653.0,977.0,392.0,0.0,2022.0,20181208,307.0,20200201,324.0,144.42857142857142,0.044015825914935705,0.9559841740850643,0.3229475766567755,0.48318496538081107,0.19386745796241345,0.0,1.0,1069.0,356.3333333333333,3,3,0.0,1069.0,SALE,356.3333333333333,0.0,1.0,0.0,,0.0,
783,1108272,20190309,20200921,20200808,1079.0,269.75,369.0,369.0,4,7,447.0,632.0,MIXED,124.0,955.0,0.0,0.0,1079.0,20190713,299.0,20200718,369.0,154.14285714285714,0.41427247451343835,0.5857275254865616,0.11492122335495829,0.8850787766450418,0.0,0.0,1.0,780.0,260.0,3,5,447.0,333.0,MIXED,156.0,0.573076923076923,0.4269230769230769,677.0,930.25,369.0,
784,1108409,20180922,20200921,20200627,4022.0,502.75,667.0,667.0,8,14,3281.0,741.0,FULL PRICE,718.0,3304.0,0.0,0.0,4022.0,20181006,667.0,20200509,578.0,287.2857142857143,0.8157633018398807,0.18423669816011934,0.17851815017404277,0.8214818498259573,0.0,0.0,1.0,1495.0,498.3333333333333,3,6,1345.0,150.0,FULL PRICE,249.16666666666666,0.8996655518394648,0.10033444816053512,1116.0,400.0,0.0,
785,1108546,20190202,20200921,20200815,677.0,338.5,363.0,363.0,2,4,0.0,677.0,SALE,494.0,0.0,183.0,314.0,363.0,20190420,314.0,20200523,363.0,169.25,0.0,1.0,0.7296898079763663,0.0,0.27031019202363366,0.4638109305760709,0.5361890694239291,363.0,363.0,1,2,0.0,363.0,SALE,181.5,0.0,1.0,363.0,0.0,0.0,
786,1108683,20190112,20200921,20200801,553.0,276.5,292.0,292.0,2,2,0.0,553.0,SALE,0.0,261.0,292.0,261.0,292.0,20190615,292.0,20200704,261.0,276.5,0.0,1.0,0.0,0.4719710669077758,0.5280289330922242,0.4719710669077758,0.5280289330922242,261.0,261.0,1,1,0.0,261.0,SALE,261.0,0.0,1.0,261.0,0.0,261.0,
787,1108820,20181103,20200921,20200530,565.0,282.5,328.0,328.0,2,5,230.0,335.0,MIXED,57.0,508.0,0.0,328.0,237.0,20181201,237.0,20191109,328.0,113.0,0.40707964601769914,0.5929203539823009,0.10088495575221239,0.8991150442477877,0.0,0.5805309734513274,0.4194690265486726,328.0,328.0,1,4,230.0,98.0,MIXED,82.0,0.7012195121951219,0.29878048780487804,0.0,,0.0,
788,1108957,20180929,20200921,20200613,1007.0,251.75,336.0,336.0,4,5,0.0,1007.0,SALE,1007.0,0.0,0.0,0.0,1007.0,20181103,320.0,20191123,183.0,201.4,0.0,1.0,1.0,0.0,0.0,0.0,1.0,183.0,183.0,1,2,0.0,183.0,SALE,91.5,0.0,1.0,0.0,,0.0,
789,1109094,20180929,20200921,20200912,2076.0,346.0,434.0,434.0,6,9,307.0,1769.0,FULL PRICE,1164.0,434.0,478.0,0.0,2076.0,20181006,398.0,20200905,307.0,230.66666666666666,0.1478805394990366,0.8521194605009634,0.5606936416184971,0.20905587668593448,0.2302504816955684,0.0,1.0,1131.0,377.0,3,4,307.0,824.0,FULL PRICE,282.75,0.27144120247568526,0.7285587975243147,307.0,0.0,307.0,
790,1109231,20190504,20200921,20200801,533.0,266.5,284.0,284.0,2,2,0.0,533.0,SALE,0.0,533.0,0.0,0.0,533.0,20200208,249.0,20200725,284.0,266.5,0.0,1.0,0.0,1.0,0.0,0.0,1.0,533.0,266.5,2,2,0.0,533.0,SALE,266.5,0.0,1.0,284.0,0.0,284.0,
791,1109368,20181013,20200921,20200912,572.0,286.0,302.0,302.0,2,3,0.0,572.0,SALE,572.0,0.0,0.0,0.0,572.0,20200208,270.0,20200808,302.0,190.66666666666666,0.0,1.0,1.0,0.0,0.0,0.0,1.0,572.0,286.0,2,3,0.0,572.0,SALE,190.66666666666666,0.0,1.0,302.0,0.0,302.0,
792,1109505,20181020,20200921,20200822,1055.0,263.75,397.0,397.0,4,11,9.0,1046.0,SALE,6.0,492.0,557.0,0.0,1055.0,20181020,397.0,20200822,229.0,95.9090909090909,0.008530805687203791,0.9914691943127962,0.005687203791469194,0.4663507109004739,0.5279620853080569,0.0,1.0,229.0,229.0,1,1,0.0,229.0,SALE,229.0,0.0,1.0,229.0,0.0,229.0,
793,1109642,20190223,20200921,20200620,648.0,324.0,326.0,326.0,2,2,0.0,648.0,SALE,0.0,322.0,326.0,0.0,648.0,20190223,322.0,20190706,326.0,324.0,0.0,1.0,0.0,0.49691358024691357,0.5030864197530864,0.0,1.0,0.0,0.0,0,0,0.0,0.0,UNKNOWN,0.0,0.0,0.0,0.0,,0.0,
794,1109779,20181208,20200921,20200620,1122.0,280.5,440.0,440.0,4,7,500.0,622.0,SALE,756.0,153.0,213.0,0.0,1122.0,20190323,223.0,20200208,213.0,160.28571428571428,0.44563279857397503,0.5543672014260249,0.6737967914438503,0.13636363636363635,0.18983957219251338,0.0,1.0,653.0,326.5,2,2,440.0,213.0,MIXED,326.5,0.6738131699846861,0.32618683001531396,0.0,,0.0,
795,1109916,20181020,20200921,20200829,5744.0,478.6666666666667,749.0,749.0,12,16,4145.0,1599.0,FULL PRICE,4400.0,16.0,1328.0,510.0,5234.0,20181020,476.0,20200509,612.0,359.0,0.7216225626740947,0.2783774373259053,0.766016713091922,0.002785515320334262,0.23119777158774374,0.0887883008356546,0.9112116991643454,2071.0,517.75,4,7,1979.0,92.0,FULL PRICE,295.85714285714283,0.9555770159343312,0.04442298406566876,1361.0,4692.25,0.0,
796,1110053,20181013,20200921,20200815,3977.0,397.7,526.0,526.0,10,20,2787.0,1190.0,FULL PRICE,2142.0,1149.0,686.0,311.0,3666.0,20181110,459.0,20200815,526.0,198.85,0.7007794820216243,0.2992205179783757,0.5385969323610762,0.2889112396278602,0.1724918280110636,0.07819964797586121,0.9218003520241388,2050.0,410.0,5,7,1283.0,767.0,FULL PRICE,292.85714285714283,0.6258536585365854,0.37414634146341463,861.0,9120.25,861.0,
797,1110190,20180922,20200921,20200815,15491.0,774.55,1089.0,1089.0,20,28,15491.0,0.0,FULL PRICE,3198.0,8417.0,3876.0,4399.0,11092.0,20180929,1089.0,20200815,866.0,553.25,1.0,0.0,0.20644245045510295,0.5433477503066296,0.25020979923826736,0.2839713381963721,0.7160286618036279,9947.0,765.1538461538462,13,21,9947.0,0.0,FULL PRICE,473.6666666666667,1.0,0.0,5484.0,20669.38775510204,866.0,
798,1110327,20181013,20200921,20200905,1801.0,300.1666666666667,399.0,399.0,6,11,909.0,892.0,SALE,1402.0,0.0,399.0,189.0,1612.0,20181020,348.0,20200328,333.0,163.72727272727272,0.5047196002220988,0.49528039977790117,0.7784564131038312,0.0,0.2215435868961688,0.10494169905607996,0.89505830094392,732.0,366.0,2,2,399.0,333.0,MIXED,366.0,0.5450819672131147,0.45491803278688525,333.0,0.0,0.0,
799,1110464,20180929,20200921,20200801,1836.0,306.0,416.0,416.0,6,8,586.0,1250.0,SALE,1614.0,222.0,0.0,0.0,1836.0,20181103,384.0,20200613,314.0,229.5,0.31917211328976036,0.6808278867102396,0.8790849673202614,0.12091503267973856,0.0,0.0,1.0,988.0,329.3333333333333,3,4,222.0,766.0,SALE,247.0,0.22469635627530365,0.7753036437246964,314.0,0.0,0.0,
800,1110601,20180922,20200921,20200905,1790.0,298.3333333333333,353.0,353.0,6,10,0.0,1790.0,SALE,302.0,1146.0,342.0,261.0,1529.0,20181201,291.0,20200711,340.0,179.0,0.0,1.0,0.16871508379888267,0.6402234636871509,0.19106145251396647,0.1458100558659218,0.8541899441340782,1499.0,299.8,5,9,0.0,1499.0,SALE,166.55555555555554,0.0,1.0,651.0,210.25,340.0,
801,1110738,20190316,20200921,20200718,658.0,329.0,394.0,394.0,2,3,0.0,658.0,SALE,658.0,0.0,0.0,0.0,658.0,20190511,394.0,20200606,264.0,219.33333333333334,0.0,1.0,1.0,0.0,0.0,0.0,1.0,264.0,264.0,1,1,0.0,264.0,SALE,264.0,0.0,1.0,264.0,0.0,0.0,
802,1110875,20180922,20200921,20200829,488.0,244.0,252.0,252.0,2,3,0.0,488.0,SALE,488.0,0.0,0.0,0.0,488.0,20180922,236.0,20200808,252.0,162.66666666666666,0.0,1.0,1.0,0.0,0.0,0.0,1.0,252.0,252.0,1,1,0.0,252.0,SALE,252.0,0.0,1.0,252.0,0.0,252.0,
803,1111012,20180929,20200921,20200725,2131.0,355.1666666666667,465.0,465.0,6,10,24.0,2107.0,SALE,903.0,1228.0,0.0,0.0,2131.0,20181110,266.0,20191123,336.0,213.1,0.011262318160488035,0.9887376818395119,0.4237447207883623,0.5762552792116378,0.0,0.0,1.0,713.0,356.5,2,2,0.0,713.0,SALE,356.5,0.0,1.0,0.0,,0.0,
804,1111149,20181013,20200921,20200523,1423.0,355.75,424.0,424.0,4,5,0.0,1423.0,SALE,1047.0,0.0,376.0,0.0,1423.0,20181103,397.0,20191123,376.0,284.6,0.0,1.0,0.735769501054111,0.0,0.26423049894588896,0.0,1.0,376.0,376.0,1,1,0.0,376.0,SALE,376.0,0.0,1.0,0.0,,0.0,
805,1111286,20181020,20200921,20191207,1482.0,370.5,444.0,444.0,4,5,257.0,1225.0,MIXED,1482.0,0.0,0.0,353.0,1129.0,20181110,428.0,20191207,257.0,296.4,0.17341430499325236,0.8265856950067476,1.0,0.0,0.0,0.23819163292847503,0.761808367071525,610.0,305.0,2,3,257.0,353.0,MIXED,203.33333333333334,0.42131147540983604,0.578688524590164,0.0,,0.0,
806,1111423,20181117,20200921,20200801,3246.0,405.75,522.0,522.0,8,9,2292.0,954.0,FULL PRICE,381.0,2721.0,144.0,411.0,2835.0,20181215,430.0,20200801,495.0,360.6666666666667,0.7060998151571165,0.29390018484288355,0.11737523105360444,0.8382624768946395,0.04436229205175601,0.1266173752310536,0.8733826247689463,1544.0,386.0,4,4,785.0,759.0,MIXED,386.0,0.508419689119171,0.49158031088082904,495.0,0.0,495.0,
807,1111560,20181006,20200921,20200829,2164.0,360.6666666666667,429.0,429.0,6,9,397.0,1767.0,SALE,1994.0,170.0,0.0,0.0,2164.0,20190622,406.0,20200822,373.0,240.44444444444446,0.18345656192236598,0.816543438077634,0.9214417744916821,0.07855822550831792,0.0,0.0,1.0,916.0,305.3333333333333,3,4,65.0,851.0,SALE,229.0,0.07096069868995633,0.9290393013100436,916.0,7049.555555555556,373.0,
808,1111697,20181006,20200921,20190831,1031.0,257.75,394.0,394.0,4,6,517.0,514.0,MIXED,569.0,462.0,0.0,0.0,1031.0,20181020,68.0,20190720,394.0,171.83333333333334,0.501454898157129,0.498545101842871,0.5518913676042677,0.4481086323957323,0.0,0.0,1.0,0.0,0.0,0,0,0.0,0.0,UNKNOWN,0.0,0.0,0.0,0.0,,0.0,
809,1111834,20180922,20200921,20200919,1309.0,327.25,373.0,373.0,4,7,7.0,1302.0,MIXED,1309.0,0.0,0.0,0.0,1309.0,20190406,334.0,20200912,373.0,187.0,0.0053475935828877,0.9946524064171123,1.0,0.0,0.0,0.0,1.0,975.0,325.0,3,6,7.0,968.0,MIXED,162.5,0.0071794871794871795,0.9928205128205129,648.0,2401.0,648.0,
810,1111971,20180929,20200921,20200912,662.0,331.0,350.0,350.0,2,8,491.0,171.0,SALE,0.0,603.0,59.0,0.0,662.0,20181013,350.0,20190601,312.0,82.75,0.7416918429003021,0.2583081570996979,0.0,0.9108761329305136,0.0891238670694864,0.0,1.0,0.0,0.0,0,0,0.0,0.0,UNKNOWN,0.0,0.0,0.0,0.0,,0.0,
811,1112108,20190601,20200921,20200627,639.0,319.5,361.0,361.0,2,3,165.0,474.0,SALE,639.0,0.0,0.0,0.0,639.0,20200111,361.0,20200530,278.0,213.0,0.25821596244131456,0.7417840375586855,1.0,0.0,0.0,0.0,1.0,639.0,319.5,2,3,165.0,474.0,SALE,213.0,0.25821596244131456,0.7417840375586855,278.0,0.0,0.0,
812,1112245,20181020,20200921,20200627,2322.0,387.0,540.0,540.0,6,11,1958.0,364.0,FULL PRICE,138.0,2184.0,0.0,0.0,2322.0,20181020,540.0,20200606,287.0,211.0909090909091,0.843238587424634,0.15676141257536608,0.059431524547803614,0.9405684754521964,0.0,0.0,1.0,798.0,399.0,2,5,798.0,0.0,FULL PRICE,159.6,1.0,0.0,287.0,0.0,0.0,
813,1112382,20181117,20200921,20200718,1850.0,308.3333333333333,465.0,465.0,6,16,911.0,939.0,SALE,71.0,1751.0,28.0,0.0,1850.0,20190202,286.0,20200606,239.0,115.625,0.49243243243243245,0.5075675675675676,0.038378378378378375,0.9464864864864865,0.015135135135135135,0.0,1.0,795.0,265.0,3,7,456.0,339.0,SALE,113.57142857142857,0.5735849056603773,0.42641509433962266,239.0,0.0,0.0,
814,1112519,20190309,20200921,20200718,1304.0,326.0,372.0,372.0,4,4,370.0,934.0,SALE,1304.0,0.0,0.0,0.0,1304.0,20190504,266.0,20200418,296.0,326.0,0.2837423312883436,0.7162576687116564,1.0,0.0,0.0,0.0,1.0,296.0,296.0,1,1,0.0,296.0,SALE,296.0,0.0,1.0,296.0,0.0,0.0,
815,1112656,20180922,20200921,20200711,521.0,260.5,271.0,271.0,2,3,71.0,450.0,MIXED,250.0,0.0,271.0,0.0,521.0,20180922,271.0,20190420,250.0,173.66666666666666,0.1362763915547025,0.8637236084452975,0.4798464491362764,0.0,0.5201535508637236,0.0,1.0,0.0,0.0,0,0,0.0,0.0,UNKNOWN,0.0,0.0,0.0,0.0,,0.0,
816,1112793,20181020,20200921,20200829,1482.0,370.5,469.0,469.0,4,7,318.0,1164.0,SALE,353.0,1096.0,33.0,469.0,1013.0,20190518,469.0,20200829,283.0,211.71428571428572,0.2145748987854251,0.7854251012145749,0.23819163292847503,0.7395411605937922,0.022267206477732792,0.3164642375168691,0.6835357624831309,695.0,347.5,2,3,0.0,695.0,SALE,231.66666666666666,0.0,1.0,695.0,4160.25,283.0,
817,1112930,20190316,20200921,20200411,420.0,210.0,362.0,362.0,2,2,362.0,58.0,MIXED,362.0,0.0,58.0,0.0,420.0,20190601,362.0,20191005,58.0,210.0,0.861904761904762,0.1380952380952381,0.861904761904762,0.0,0.1380952380952381,0.0,1.0,58.0,58.0,1,1,0.0,58.0,SALE,58.0,0.0,1.0,0.0,,0.0,
818,1113067,20180922,20200921,20190831,648.0,324.0,452.0,452.0,2,2,0.0,648.0,SALE,0.0,648.0,0.0,0.0,648.0,20180922,452.0,20190112,196.0,324.0,0.0,1.0,0.0,1.0,0.0,0.0,1.0,0.0,0.0,0,0,0.0,0.0,UNKNOWN,0.0,0.0,0.0,0.0,,0.0,
819,1113204,20181013,20200921,20200530,1987.0,331.1666666666667,413.0,413.0,6,8,471.0,1516.0,SALE,1274.0,713.0,0.0,0.0,1987.0,20181201,333.0,20200516,300.0,248.375,0.23704076497232007,0.7629592350276799,0.6411675893306492,0.3588324106693508,0.0,0.0,1.0,300.0,300.0,1,1,0.0,300.0,SALE,300.0,0.0,1.0,300.0,0.0,0.0,
820,1113341,20181006,20200921,20200613,3340.0,417.5,478.0,478.0,8,12,2520.0,820.0,FULL PRICE,526.0,2623.0,191.0,856.0,2484.0,20181027,378.0,20200606,384.0,278.3333333333333,0.7544910179640718,0.24550898203592814,0.15748502994011976,0.7853293413173653,0.05718562874251497,0.2562874251497006,0.7437125748502994,2205.0,441.0,5,9,1828.0,377.0,FULL PRICE,245.0,0.8290249433106576,0.1709750566893424,1296.0,1344.6666666666667,0.0,
821,1113478,20190119,20200921,20200725,761.0,380.5,446.0,446.0,2,2,0.0,761.0,SALE,0.0,446.0,315.0,315.0,446.0,20190810,315.0,20200502,446.0,380.5,0.0,1.0,0.0,0.5860709592641261,0.41392904073587383,0.41392904073587383,0.5860709592641261,446.0,446.0,1,1,0.0,446.0,SALE,446.0,0.0,1.0,446.0,0.0,0.0,
822,1113615,20190330,20200921,20200523,1410.0,352.5,526.0,526.0,4,4,526.0,884.0,SALE,0.0,1410.0,0.0,0.0,1410.0,20190406,526.0,20200516,239.0,352.5,0.3730496453900709,0.6269503546099291,0.0,1.0,0.0,0.0,1.0,611.0,305.5,2,2,0.0,611.0,SALE,305.5,0.0,1.0,239.0,0.0,0.0,
823,1113752,20180922,20200921,20200725,2157.0,359.5,446.0,446.0,6,9,660.0,1497.0,SALE,1022.0,415.0,720.0,0.0,2157.0,20180922,300.0,20200229,420.0,239.66666666666666,0.30598052851182195,0.694019471488178,0.47380621233194253,0.1923968474733426,0.3337969401947149,0.0,1.0,669.0,334.5,2,3,245.0,424.0,SALE,223.0,0.3662182361733931,0.6337817638266069,0.0,,0.0,
824,1113889,20181110,20200921,20200801,2153.0,358.8333333333333,459.0,459.0,6,11,156.0,1997.0,SALE,1049.0,1104.0,0.0,0.0,2153.0,20181110,386.0,20200801,296.0,195.72727272727272,0.07245703669298653,0.9275429633070135,0.4872271249419415,0.5127728750580586,0.0,0.0,1.0,1042.0,347.3333333333333,3,6,0.0,1042.0,SALE,173.66666666666666,0.0,1.0,589.0,2.25,589.0,
825,1114026,20181117,20200921,20200509,643.0,321.5,423.0,423.0,2,2,423.0,220.0,MIXED,643.0,0.0,0.0,220.0,423.0,20190105,220.0,20200307,423.0,321.5,0.6578538102643857,0.3421461897356143,1.0,0.0,0.0,0.3421461897356143,0.6578538102643857,423.0,423.0,1,1,423.0,0.0,FULL PRICE,423.0,1.0,0.0,0.0,,0.0,
826,1114163,20181110,20200921,20200912,1886.0,314.3333333333333,374.0,374.0,6,10,1084.0,802.0,SALE,152.0,1734.0,0.0,0.0,1886.0,20181124,324.0,20200822,353.0,188.6,0.574761399787911,0.4252386002120891,0.08059384941675504,0.9194061505832449,0.0,0.0,1.0,727.0,363.5,2,3,374.0,353.0,SALE,242.33333333333334,0.5144429160935351,0.4855570839064649,727.0,110.25,353.0,
827,1114300,20181020,20200921,20200509,1692.0,282.0,414.0,414.0,6,13,256.0,1436.0,SALE,319.0,1239.0,134.0,0.0,1692.0,20181110,414.0,20200411,191.0,130.15384615384616,0.15130023640661938,0.8486997635933806,0.18853427895981087,0.7322695035460993,0.07919621749408984,0.0,1.0,500.0,250.0,2,4,205.0,295.0,SALE,125.0,0.41,0.59,191.0,0.0,0.0,
828,1114437,20191123,20200921,20200815,900.0,450.0,482.0,482.0,2,3,345.0,555.0,SALE,555.0,345.0,0.0,0.0,900.0,20191221,482.0,20200808,418.0,300.0,0.38333333333333336,0.6166666666666667,0.6166666666666667,0.38333333333333336,0.0,0.0,1.0,900.0,450.0,2,3,345.0,555.0,SALE,300.0,0.38333333333333336,0.6166666666666667,418.0,0.0,418.0,
829,1114574,20180922,20200921,20200725,2101.0,350.1666666666667,440.0,440.0,6,13,1232.0,869.0,MIXED,0.0,2006.0,95.0,0.0,2101.0,20181020,310.0,20200530,313.0,161.6153846153846,0.5863874345549738,0.41361256544502617,0.0,0.9547834364588291,0.04521656354117087,0.0,1.0,1036.0,345.3333333333333,3,4,581.0,455.0,MIXED,259.0,0.5608108108108109,0.4391891891891892,750.0,3844.0,0.0,
830,1114711,20190511,20200921,20200829,1106.0,276.5,300.0,300.0,4,8,587.0,519.0,MIXED,1105.0,0.0,1.0,0.0,1106.0,20190615,274.0,20200829,300.0,138.25,0.530741410488246,0.4692585895117541,0.9990958408679927,0.0,0.0009041591320072332,0.0,1.0,832.0,277.3333333333333,3,7,313.0,519.0,MIXED,118.85714285714286,0.3762019230769231,0.6237980769230769,832.0,280.88888888888886,572.0,
831,1114848,20180922,20200921,20200801,997.0,249.25,391.0,391.0,4,6,10.0,987.0,SALE,794.0,203.0,0.0,0.0,997.0,20181013,245.0,20200523,193.0,166.16666666666666,0.010030090270812437,0.9899699097291875,0.7963891675025075,0.20361083249749248,0.0,0.0,1.0,193.0,193.0,1,1,0.0,193.0,SALE,193.0,0.0,1.0,193.0,0.0,0.0,
832,1114985,20181027,20200921,20200725,585.0,292.5,303.0,303.0,2,2,0.0,585.0,SALE,282.0,0.0,303.0,0.0,585.0,20191130,282.0,20200418,303.0,292.5,0.0,1.0,0.48205128205128206,0.0,0.517948717948718,0.0,1.0,585.0,292.5,2,2,0.0,585.0,SALE,292.5,0.0,1.0,303.0,0.0,0.0,
833,1115122,20181201,20200921,20200822,3009.0,501.5,634.0,634.0,6,10,2324.0,685.0,FULL PRICE,1040.0,1969.0,0.0,0.0,3009.0,20190202,324.0,20200718,634.0,300.9,0.772349617813227,0.22765038218677303,0.34562977733466266,0.6543702226653373,0.0,0.0,1.0,1725.0,575.0,3,4,1251.0,474.0,FULL PRICE,431.25,0.7252173913043478,0.2747826086956522,1725.0,5148.666666666667,634.0,
834,1115259,20181222,20200921,20200711,694.0,347.0,372.0,372.0,2,4,0.0,694.0,SALE,694.0,0.0,0.0,0.0,694.0,20191019,372.0,20200606,322.0,173.5,0.0,1.0,1.0,0.0,0.0,0.0,1.0,694.0,347.0,2,4,0.0,694.0,SALE,173.5,0.0,1.0,322.0,0.0,0.0,
835,1115396,20180922,20200921,20200829,5109.0,425.75,708.0,708.0,12,27,3568.0,1541.0,FULL PRICE,3659.0,1251.0,199.0,0.0,5109.0,20180922,256.0,20200627,534.0,189.22222222222223,0.6983754159326678,0.30162458406733217,0.7161871207672734,0.24486200822078685,0.03895087101193971,0.0,1.0,1581.0,527.0,3,7,1092.0,489.0,FULL PRICE,225.85714285714286,0.6907020872865275,0.3092979127134725,1242.0,7569.0,534.0,
836,1115533,20190928,20200921,20200912,542.0,271.0,337.0,337.0,2,2,542.0,0.0,FULL PRICE,542.0,0.0,0.0,0.0,542.0,20200711,337.0,20200808,205.0,271.0,1.0,0.0,1.0,0.0,0.0,0.0,1.0,542.0,271.0,2,2,542.0,0.0,FULL PRICE,271.0,1.0,0.0,542.0,4356.0,542.0,
837,1115670,20181027,20200921,20200815,2719.0,339.875,452.0,452.0,8,11,1223.0,1496.0,FULL PRICE,1691.0,572.0,456.0,452.0,2267.0,20181117,202.0,20200808,245.0,247.1818181818182,0.44979771974990806,0.550202280250092,0.621919823464509,0.21037146009562338,0.1677087164398676,0.1662375873482898,0.8337624126517101,1358.0,339.5,4,5,1010.0,348.0,FULL PRICE,271.6,0.7437407952871871,0.25625920471281294,577.0,1892.25,577.0,
838,1115807,20181103,20200921,20200418,655.0,327.5,370.0,370.0,2,7,449.0,206.0,FULL PRICE,139.0,509.0,7.0,0.0,655.0,20190727,285.0,20191019,370.0,93.57142857142857,0.6854961832061068,0.3145038167938931,0.21221374045801528,0.7770992366412214,0.010687022900763359,0.0,1.0,370.0,370.0,1,4,231.0,139.0,FULL PRICE,92.5,0.6243243243243243,0.37567567567567567,0.0,,0.0,
839,1115944,20181124,20200921,20190706,476.0,238.0,301.0,301.0,2,5,225.0,251.0,SALE,225.0,184.0,67.0,175.0,301.0,20181124,175.0,20190126,301.0,95.2,0.4726890756302521,0.5273109243697479,0.4726890756302521,0.3865546218487395,0.1407563025210084,0.36764705882352944,0.6323529411764706,0.0,0.0,0,0,0.0,0.0,UNKNOWN,0.0,0.0,0.0,0.0,,0.0,
840,1116081,20180929,20200921,20190511,652.0,326.0,337.0,337.0,2,3,337.0,315.0,MIXED,652.0,0.0,0.0,0.0,652.0,20181229,337.0,20190427,315.0,217.33333333333334,0.5168711656441718,0.4831288343558282,1.0,0.0,0.0,0.0,1.0,0.0,0.0,0,0,0.0,0.0,UNKNOWN,0.0,0.0,0.0,0.0,,0.0,
841,1116218,20190420,20200921,20200919,521.0,260.5,283.0,283.0,2,3,268.0,253.0,FULL PRICE,268.0,0.0,253.0,0.0,521.0,20200404,238.0,20200912,283.0,173.66666666666666,0.5143953934740882,0.4856046065259117,0.5143953934740882,0.0,0.4856046065259117,0.0,1.0,521.0,260.5,2,3,268.0,253.0,FULL PRICE,173.66666666666666,0.5143953934740882,0.4856046065259117,521.0,506.25,283.0,
842,1116355,20190112,20200921,20200919,5001.0,416.75,661.0,661.0,12,16,3770.0,1231.0,MIXED,5001.0,0.0,0.0,0.0,5001.0,20190504,295.0,20200912,661.0,312.5625,0.7538492301539692,0.2461507698460308,1.0,0.0,0.0,0.0,1.0,3520.0,440.0,8,12,2584.0,936.0,MIXED,293.3333333333333,0.7340909090909091,0.26590909090909093,1538.0,41961.555555555555,884.0,
843,1116492,20180922,20200921,20200328,1497.0,374.25,471.0,471.0,4,6,487.0,1010.0,MIXED,412.0,471.0,614.0,0.0,1497.0,20180922,471.0,20200215,233.0,249.5,0.32531730126920505,0.6746826987307949,0.27521710086840345,0.31462925851703405,0.41015364061456244,0.0,1.0,233.0,233.0,1,1,0.0,233.0,SALE,233.0,0.0,1.0,0.0,,0.0,
844,1116629,20190209,20200921,20200704,345.0,172.5,227.0,227.0,2,5,64.0,281.0,SALE,345.0,0.0,0.0,0.0,345.0,20190622,227.0,20200215,118.0,69.0,0.1855072463768116,0.8144927536231884,1.0,0.0,0.0,0.0,1.0,118.0,118.0,1,3,0.0,118.0,SALE,39.333333333333336,0.0,1.0,0.0,,0.0,
845,1116766,20181110,20200921,20200404,822.0,411.0,413.0,413.0,2,3,822.0,0.0,FULL PRICE,328.0,494.0,0.0,0.0,822.0,20181222,413.0,20190831,409.0,274.0,1.0,0.0,0.39902676399026765,0.6009732360097324,0.0,0.0,1.0,0.0,0.0,0,0,0.0,0.0,UNKNOWN,0.0,0.0,0.0,0.0,,0.0,
846,1116903,20180922,20200921,20191005,1306.0,326.5,408.0,408.0,4,7,164.0,1142.0,SALE,739.0,373.0,194.0,0.0,1306.0,20181110,408.0,20190817,310.0,186.57142857142858,0.12557427258805512,0.8744257274119449,0.5658499234303216,0.28560490045941805,0.14854517611026033,0.0,1.0,0.0,0.0,0,0,0.0,0.0,UNKNOWN,0.0,0.0,0.0,0.0,,0.0,
847,1117040,20190803,20200921,20200919,755.0,377.5,464.0,464.0,2,3,0.0,755.0,SALE,0.0,755.0,0.0,464.0,291.0,20200222,291.0,20200815,464.0,251.66666666666666,0.0,1.0,0.0,1.0,0.0,0.614569536423841,0.38543046357615895,755.0,377.5,2,3,0.0,755.0,SALE,251.66666666666666,0.0,1.0,464.0,0.0,464.0,
848,1117177,20181215,20200921,20200523,2137.0,356.1666666666667,496.0,496.0,6,11,273.0,1864.0,SALE,70.0,1974.0,93.0,0.0,2137.0,20181222,357.0,20200516,368.0,194.27272727272728,0.12774918109499298,0.872250818905007,0.03275620028076743,0.9237248479176415,0.043518951801591016,0.0,1.0,958.0,319.3333333333333,3,7,273.0,685.0,SALE,136.85714285714286,0.2849686847599165,0.7150313152400835,368.0,0.0,0.0,
849,1117314,20181201,20200921,20200808,1762.0,293.6666666666667,385.0,385.0,6,13,254.0,1508.0,SALE,982.0,355.0,425.0,0.0,1762.0,20190824,385.0,20200502,149.0,135.53846153846155,0.1441543700340522,0.8558456299659478,0.5573212258796821,0.2014755959137344,0.24120317820658344,0.0,1.0,1146.0,286.5,4,7,254.0,892.0,SALE,163.71428571428572,0.22164048865619546,0.7783595113438045,149.0,0.0,0.0,
850,1117451,20180922,20200921,20200912,5301.0,378.64285714285717,511.0,511.0,14,29,4085.0,1216.0,FULL PRICE,3651.0,737.0,913.0,304.0,4997.0,20180922,446.0,20200912,405.0,182.79310344827587,0.7706093189964157,0.22939068100358423,0.688737973967176,0.13903037162799473,0.17223165440482927,0.05734767025089606,0.942652329749104,1634.0,326.8,5,7,1434.0,200.0,FULL PRICE,233.42857142857142,0.8776009791921665,0.12239902080783353,694.0,3364.0,405.0,
851,1117588,20181124,20200921,20200711,1586.0,396.5,502.0,502.0,4,5,367.0,1219.0,MIXED,220.0,1366.0,0.0,0.0,1586.0,20190727,355.0,20200711,367.0,317.2,0.23139974779319042,0.7686002522068096,0.13871374527112232,0.8612862547288777,0.0,0.0,1.0,1231.0,410.3333333333333,3,3,367.0,864.0,MIXED,410.3333333333333,0.2981316003249391,0.7018683996750609,367.0,0.0,367.0,
852,1117725,20180922,20200921,20200829,1862.0,310.3333333333333,448.0,448.0,6,7,835.0,1027.0,SALE,1767.0,0.0,95.0,0.0,1862.0,20180929,95.0,20200613,244.0,266.0,0.44844253490870034,0.5515574650912997,0.9489795918367347,0.0,0.05102040816326531,0.0,1.0,1012.0,337.3333333333333,3,3,387.0,625.0,SALE,337.3333333333333,0.3824110671936759,0.6175889328063241,244.0,0.0,0.0,
853,1117862,20181110,20200921,20200620,712.0,356.0,393.0,393.0,2,5,142.0,570.0,SALE,46.0,508.0,158.0,0.0,712.0,20191228,393.0,20200411,319.0,142.4,0.199438202247191,0.800561797752809,0.06460674157303371,0.7134831460674157,0.22191011235955055,0.0,1.0,712.0,356.0,2,5,142.0,570.0,SALE,142.4,0.199438202247191,0.800561797752809,319.0,0.0,0.0,
854,1117999,20181013,20200921,20200912,1908.0,318.0,469.0,469.0,6,9,402.0,1506.0,MIXED,1761.0,147.0,0.0,469.0,1439.0,20181208,309.0,20200905,175.0,212.0,0.21069182389937108,0.789308176100629,0.9229559748427673,0.0770440251572327,0.0,0.2458071278825996,0.7541928721174004,1130.0,282.5,4,5,295.0,835.0,MIXED,226.0,0.2610619469026549,0.7389380530973452,500.0,5625.0,175.0,
855,1118136,20181027,20200921,20200425,654.0,327.0,368.0,368.0,2,4,286.0,368.0,MIXED,324.0,330.0,0.0,286.0,368.0,20190112,368.0,20200418,286.0,163.5,0.43730886850152906,0.5626911314984709,0.4954128440366973,0.5045871559633027,0.0,0.43730886850152906,0.5626911314984709,286.0,286.0,1,1,286.0,0.0,FULL PRICE,286.0,1.0,0.0,286.0,0.0,0.0,
856,1118273,20181013,20200921,20200829,693.0,346.5,413.0,413.0,2,6,0.0,693.0,SALE,643.0,50.0,0.0,0.0,693.0,20181222,280.0,20191102,413.0,115.5,0.0,1.0,0.9278499278499278,0.07215007215007214,0.0,0.0,1.0,413.0,413.0,1,4,0.0,413.0,SALE,103.25,0.0,1.0,0.0,,0.0,
857,1118410,20181110,20200921,20200808,1561.0,390.25,532.0,532.0,4,5,312.0,1249.0,SALE,1561.0,0.0,0.0,0.0,1561.0,20190209,273.0,20200620,315.0,312.2,0.19987187700192185,0.8001281229980781,1.0,0.0,0.0,0.0,1.0,847.0,423.5,2,3,39.0,808.0,SALE,282.3333333333333,0.04604486422668241,0.9539551357733176,847.0,11772.25,0.0,
858,1118547,20181124,20200921,20200509,819.0,409.5,441.0,441.0,2,2,0.0,819.0,SALE,819.0,0.0,0.0,0.0,819.0,20190601,441.0,20200411,378.0,409.5,0.0,1.0,1.0,0.0,0.0,0.0,1.0,378.0,378.0,1,1,0.0,378.0,SALE,378.0,0.0,1.0,378.0,0.0,0.0,
859,1118684,20181201,20200921,20200725,1917.0,319.5,581.0,581.0,6,10,262.0,1655.0,SALE,0.0,1542.0,375.0,0.0,1917.0,20190427,581.0,20200725,325.0,191.7,0.1366718831507564,0.8633281168492436,0.0,0.8043818466353677,0.19561815336463223,0.0,1.0,957.0,239.25,4,6,2.0,955.0,SALE,159.5,0.0020898641588296763,0.9979101358411703,849.0,7416.0,325.0,
860,1118821,20181013,20200921,20200905,1967.0,327.8333333333333,432.0,432.0,6,7,818.0,1149.0,MIXED,373.0,1276.0,318.0,0.0,1967.0,20181201,284.0,20200829,432.0,281.0,0.41586171835282154,0.5841382816471784,0.18962887646161666,0.6487036095577021,0.16166751398068124,0.0,1.0,1539.0,384.75,4,5,534.0,1005.0,MIXED,307.8,0.3469785575048733,0.6530214424951267,1166.0,2539.5555555555557,1166.0,
861,1118958,20190105,20200921,20200606,607.0,303.5,371.0,371.0,2,2,0.0,607.0,SALE,0.0,607.0,0.0,0.0,607.0,20190831,236.0,20191221,371.0,303.5,0.0,1.0,0.0,1.0,0.0,0.0,1.0,371.0,371.0,1,1,0.0,371.0,SALE,371.0,0.0,1.0,0.0,,0.0,
862,1119095,20181124,20200921,20200502,1535.0,383.75,497.0,497.0,4,7,1036.0,499.0,SALE,142.0,1037.0,356.0,357.0,1178.0,20190831,497.0,20200404,357.0,219.28571428571428,0.6749185667752443,0.3250814332247557,0.09250814332247558,0.6755700325732898,0.23192182410423454,0.23257328990228013,0.7674267100977199,1038.0,346.0,3,4,681.0,357.0,SALE,259.5,0.6560693641618497,0.3439306358381503,357.0,0.0,0.0,
863,1119232,20181020,20200921,20200328,929.0,464.5,501.0,501.0,2,3,126.0,803.0,MIXED,501.0,0.0,428.0,428.0,501.0,20190601,428.0,20191109,501.0,309.6666666666667,0.1356297093649085,0.8643702906350915,0.5392895586652314,0.0,0.4607104413347686,0.4607104413347686,0.5392895586652314,501.0,501.0,1,2,126.0,375.0,MIXED,250.5,0.25149700598802394,0.7485029940119761,0.0,,0.0,
864,1119369,20181006,20200921,20200919,785.0,392.5,417.0,417.0,2,3,0.0,785.0,SALE,785.0,0.0,0.0,0.0,785.0,20190209,368.0,20200822,417.0,261.6666666666667,0.0,1.0,1.0,0.0,0.0,0.0,1.0,417.0,417.0,1,1,0.0,417.0,SALE,417.0,0.0,1.0,417.0,0.0,417.0,
865,1119506,20181006,20200921,20200613,2009.0,334.8333333333333,432.0,432.0,6,10,1250.0,759.0,MIXED,836.0,1173.0,0.0,0.0,2009.0,20181020,292.0,20200516,407.0,200.9,0.6222000995520159,0.37779990044798406,0.41612742658038826,0.5838725734196117,0.0,0.0,1.0,728.0,364.0,2,2,407.0,321.0,MIXED,364.0,0.5590659340659341,0.4409340659340659,728.0,1849.0,0.0,
866,1119643,20190622,20200921,20200627,1164.0,291.0,316.0,316.0,4,6,114.0,1050.0,SALE,796.0,368.0,0.0,0.0,1164.0,20191026,302.0,20200530,277.0,194.0,0.0979381443298969,0.9020618556701031,0.6838487972508591,0.3161512027491409,0.0,0.0,1.0,1164.0,291.0,4,6,114.0,1050.0,SALE,194.0,0.0979381443298969,0.9020618556701031,277.0,0.0,0.0,
867,1119780,20181117,20200921,20200829,824.0,412.0,445.0,445.0,2,4,0.0,824.0,SALE,721.0,103.0,0.0,0.0,824.0,20181208,445.0,20190914,379.0,206.0,0.0,1.0,0.875,0.125,0.0,0.0,1.0,0.0,0.0,0,0,0.0,0.0,UNKNOWN,0.0,0.0,0.0,0.0,,0.0,
868,1119917,20180922,20200921,20200822,607.0,303.5,439.0,439.0,2,4,0.0,607.0,SALE,542.0,0.0,65.0,0.0,607.0,20180922,168.0,20200725,439.0,151.75,0.0,1.0,0.8929159802306426,0.0,0.1070840197693575,0.0,1.0,439.0,439.0,1,3,0.0,439.0,SALE,146.33333333333334,0.0,1.0,439.0,0.0,439.0,
869,1120054,20190216,20200921,20200523,1330.0,332.5,479.0,479.0,4,5,0.0,1330.0,SALE,984.0,346.0,0.0,0.0,1330.0,20190810,270.0,20200516,346.0,266.0,0.0,1.0,0.7398496240601504,0.26015037593984963,0.0,0.0,1.0,1060.0,353.3333333333333,3,4,0.0,1060.0,SALE,265.0,0.0,1.0,346.0,0.0,0.0,
870,1120191,20180922,20200921,20200509,579.0,289.5,381.0,381.0,2,2,381.0,198.0,MIXED,381.0,0.0,198.0,0.0,579.0,20180922,198.0,20200125,381.0,289.5,0.6580310880829016,0.34196891191709844,0.6580310880829016,0.0,0.34196891191709844,0.0,1.0,381.0,381.0,1,1,381.0,0.0,FULL PRICE,381.0,1.0,0.0,0.0,,0.0,
871,1120328,20181110,20200921,20200801,3659.0,457.375,806.0,806.0,8,10,2874.0,785.0,FULL PRICE,2383.0,1103.0,173.0,488.0,3171.0,20181229,297.0,20200627,441.0,365.9,0.7854605083356109,0.21453949166438918,0.6512708390270566,0.301448483192129,0.04728067778081443,0.13336977316206614,0.8666302268379339,2147.0,536.75,4,5,1659.0,488.0,FULL PRICE,429.4,0.7727061015370285,0.2272938984629716,441.0,0.0,441.0,
872,1120465,20190406,20200921,20200725,784.0,392.0,421.0,421.0,2,2,0.0,784.0,SALE,0.0,784.0,0.0,0.0,784.0,20190629,421.0,20200718,363.0,392.0,0.0,1.0,0.0,1.0,0.0,0.0,1.0,363.0,363.0,1,1,0.0,363.0,SALE,363.0,0.0,1.0,363.0,0.0,363.0,
873,1120602,20181027,20200921,20200919,1613.0,403.25,412.0,412.0,4,5,307.0,1306.0,SALE,307.0,1306.0,0.0,412.0,1201.0,20190413,397.0,20200912,400.0,322.6,0.1903285802851829,0.8096714197148172,0.1903285802851829,0.8096714197148172,0.0,0.2554246745195288,0.7445753254804711,1216.0,405.3333333333333,3,4,307.0,909.0,SALE,304.0,0.2524671052631579,0.7475328947368421,400.0,0.0,400.0,
874,1120739,20181222,20200921,20200905,4308.0,430.8,592.0,592.0,10,20,2377.0,1931.0,FULL PRICE,61.0,3968.0,279.0,0.0,4308.0,20190406,308.0,20200725,449.0,215.4,0.5517641597028784,0.44823584029712166,0.014159702878365831,0.9210770659238626,0.06476323119777158,0.0,1.0,3641.0,455.125,8,15,1901.0,1740.0,FULL PRICE,242.73333333333332,0.522109310628948,0.4778906893710519,1041.0,5112.25,449.0,
875,1120876,20181117,20200921,20200905,1195.0,298.75,354.0,354.0,4,4,0.0,1195.0,SALE,841.0,354.0,0.0,0.0,1195.0,20181201,354.0,20200801,295.0,298.75,0.0,1.0,0.703765690376569,0.29623430962343095,0.0,0.0,1.0,295.0,295.0,1,1,0.0,295.0,SALE,295.0,0.0,1.0,295.0,0.0,295.0,
876,1121013,20181222,20200921,20200307,1814.0,302.3333333333333,411.0,411.0,6,8,53.0,1761.0,SALE,372.0,1442.0,0.0,0.0,1814.0,20190202,311.0,20200201,318.0,226.75,0.029217199558985666,0.9707828004410143,0.20507166482910694,0.794928335170893,0.0,0.0,1.0,1177.0,294.25,4,5,53.0,1124.0,SALE,235.4,0.045029736618521665,0.9549702633814783,0.0,,0.0,
877,1121150,20181027,20200921,20200711,578.0,289.0,386.0,386.0,2,3,0.0,578.0,SALE,462.0,116.0,0.0,0.0,578.0,20190518,192.0,20191026,386.0,192.66666666666666,0.0,1.0,0.7993079584775087,0.20069204152249134,0.0,0.0,1.0,386.0,386.0,1,1,0.0,386.0,SALE,386.0,0.0,1.0,0.0,,0.0,
878,1121287,20190202,20200921,20200822,2281.0,380.1666666666667,459.0,459.0,6,9,267.0,2014.0,MIXED,1379.0,902.0,0.0,0.0,2281.0,20190420,332.0,20200530,395.0,253.44444444444446,0.1170539237176677,0.8829460762823323,0.6045594037702762,0.39544059622972383,0.0,0.0,1.0,1601.0,400.25,4,7,267.0,1334.0,MIXED,228.71428571428572,0.16677076826983137,0.8332292317301686,765.0,156.25,0.0,
879,1121424,20181229,20200921,20191221,746.0,373.0,403.0,403.0,2,2,403.0,343.0,MIXED,746.0,0.0,0.0,0.0,746.0,20190309,403.0,20191123,343.0,373.0,0.5402144772117963,0.4597855227882037,1.0,0.0,0.0,0.0,1.0,343.0,343.0,1,1,0.0,343.0,SALE,343.0,0.0,1.0,0.0,,0.0,
880,1121561,20181124,20200921,20200919,2169.0,361.5,422.0,422.0,6,11,398.0,1771.0,SALE,639.0,1171.0,359.0,359.0,1810.0,20181124,315.0,20200829,402.0,197.1818181818182,0.18349469801751958,0.8165053019824804,0.2946058091286307,0.5398801290917473,0.16551406177962194,0.16551406177962194,0.8344859382203781,1526.0,381.5,4,7,253.0,1273.0,SALE,218.0,0.1657929226736566,0.8342070773263434,402.0,0.0,402.0,
881,1121698,20190119,20200921,20200919,2022.0,337.0,450.0,450.0,6,12,111.0,1911.0,MIXED,1719.0,57.0,246.0,406.0,1616.0,20190629,300.0,20200905,406.0,168.5,0.05489614243323442,0.9451038575667656,0.8501483679525222,0.028189910979228485,0.12166172106824925,0.20079129574678536,0.7992087042532147,1355.0,338.75,4,7,107.0,1248.0,MIXED,193.57142857142858,0.07896678966789668,0.9210332103321033,1355.0,17660.6875,406.0,
882,1121835,20200328,20200921,20200905,725.0,362.5,399.0,399.0,2,2,0.0,725.0,SALE,0.0,725.0,0.0,0.0,725.0,20200328,326.0,20200606,399.0,362.5,0.0,1.0,0.0,1.0,0.0,0.0,1.0,725.0,362.5,2,2,0.0,725.0,SALE,362.5,0.0,1.0,725.0,1332.25,0.0,
883,1121972,20181013,20200921,20200905,1396.0,349.0,430.0,430.0,4,8,229.0,1167.0,MIXED,121.0,1275.0,0.0,266.0,1130.0,20190713,368.0,20200516,430.0,174.5,0.16404011461318052,0.8359598853868195,0.08667621776504297,0.913323782234957,0.0,0.19054441260744986,0.8094555873925502,762.0,381.0,2,4,229.0,533.0,MIXED,190.5,0.3005249343832021,0.699475065616798,430.0,0.0,0.0,
884,1122109,20181110,20200921,20200502,1192.0,298.0,457.0,457.0,4,5,1019.0,173.0,FULL PRICE,133.0,1059.0,0.0,0.0,1192.0,20190223,217.0,20200328,345.0,238.4,0.8548657718120806,0.14513422818791946,0.1115771812080537,0.8884228187919463,0.0,0.0,1.0,518.0,259.0,2,2,345.0,173.0,MIXED,259.0,0.666023166023166,0.333976833976834,345.0,0.0,0.0,
885,1122246,20181013,20200921,20200620,880.0,440.0,459.0,459.0,2,6,459.0,421.0,SALE,598.0,0.0,282.0,0.0,880.0,20181103,459.0,20191102,421.0,146.66666666666666,0.5215909090909091,0.4784090909090909,0.6795454545454546,0.0,0.32045454545454544,0.0,1.0,421.0,421.0,1,4,0.0,421.0,SALE,105.25,0.0,1.0,0.0,,0.0,
886,1122383,20181215,20200921,20200328,597.0,298.5,337.0,337.0,2,4,419.0,178.0,MIXED,260.0,337.0,0.0,0.0,597.0,20190525,260.0,20200215,337.0,149.25,0.7018425460636516,0.2981574539363484,0.4355108877721943,0.5644891122278057,0.0,0.0,1.0,337.0,337.0,1,3,159.0,178.0,MIXED,112.33333333333333,0.47181008902077154,0.5281899109792285,0.0,,0.0,
887,1122520,20190316,20200921,20200725,1502.0,375.5,414.0,414.0,4,6,1077.0,425.0,FULL PRICE,1037.0,414.0,51.0,0.0,1502.0,20190713,321.0,20200620,394.0,250.33333333333334,0.7170439414114514,0.2829560585885486,0.6904127829560586,0.2756324900133156,0.03395472703062583,0.0,1.0,767.0,383.5,2,2,767.0,0.0,FULL PRICE,383.5,1.0,0.0,394.0,0.0,0.0,
888,1122657,20180929,20200921,20200411,2221.0,370.1666666666667,444.0,444.0,6,8,536.0,1685.0,MIXED,1405.0,415.0,401.0,0.0,2221.0,20180929,254.0,20200321,334.0,277.625,0.24133273300315172,0.7586672669968483,0.6325979288608735,0.18685276902296263,0.18054930211616388,0.0,1.0,778.0,389.0,2,4,536.0,242.0,MIXED,194.5,0.6889460154241646,0.3110539845758355,0.0,,0.0,
889,1122794,20190504,20200921,20200905,618.0,309.0,336.0,336.0,2,4,0.0,618.0,SALE,500.0,118.0,0.0,0.0,618.0,20191102,336.0,20200905,282.0,154.5,0.0,1.0,0.8090614886731392,0.19093851132686085,0.0,0.0,1.0,618.0,309.0,2,4,0.0,618.0,SALE,154.5,0.0,1.0,282.0,0.0,282.0,
890,1122931,20181006,20200921,20200905,1265.0,316.25,437.0,437.0,4,7,0.0,1265.0,SALE,0.0,1265.0,0.0,0.0,1265.0,20181013,273.0,20200808,269.0,180.71428571428572,0.0,1.0,0.0,1.0,0.0,0.0,1.0,992.0,330.6666666666667,3,6,0.0,992.0,SALE,165.33333333333334,0.0,1.0,555.0,72.25,269.0,
891,1123068,20180922,20200921,20200912,1332.0,333.0,425.0,425.0,4,4,0.0,1332.0,SALE,1332.0,0.0,0.0,0.0,1332.0,20181013,334.0,20200912,320.0,333.0,0.0,1.0,1.0,0.0,0.0,0.0,1.0,998.0,332.6666666666667,3,3,0.0,998.0,SALE,332.6666666666667,0.0,1.0,573.0,1122.25,573.0,
892,1123205,20190810,20200921,20200829,630.0,315.0,352.0,352.0,2,2,352.0,278.0,MIXED,630.0,0.0,0.0,0.0,630.0,20190928,352.0,20200328,278.0,315.0,0.5587301587301587,0.44126984126984126,1.0,0.0,0.0,0.0,1.0,630.0,315.0,2,2,352.0,278.0,MIXED,315.0,0.5587301587301587,0.44126984126984126,278.0,0.0,0.0,
893,1123342,20181124,20200921,20200222,880.0,440.0,445.0,445.0,2,4,0.0,880.0,SALE,234.0,646.0,0.0,0.0,880.0,20181124,435.0,20190810,445.0,220.0,0.0,1.0,0.26590909090909093,0.7340909090909091,0.0,0.0,1.0,0.0,0.0,0,0,0.0,0.0,UNKNOWN,0.0,0.0,0.0,0.0,,0.0,
894,1123479,20180922,20200921,20200307,1757.0,292.8333333333333,402.0,402.0,6,8,764.0,993.0,SALE,465.0,1292.0,0.0,0.0,1757.0,20180929,397.0,20191123,402.0,219.625,0.4348321001707456,0.5651678998292544,0.2646556630620376,0.7353443369379624,0.0,0.0,1.0,628.0,314.0,2,3,95.0,533.0,SALE,209.33333333333334,0.15127388535031847,0.8487261146496815,0.0,,0.0,
895,1123616,20181013,20200921,20200829,1877.0,312.8333333333333,431.0,431.0,6,6,221.0,1656.0,SALE,0.0,1156.0,721.0,0.0,1877.0,20181020,431.0,20200523,230.0,312.8333333333333,0.11774107618540224,0.8822589238145978,0.0,0.6158763985082578,0.38412360149174213,0.0,1.0,729.0,243.0,3,3,221.0,508.0,SALE,243.0,0.30315500685871055,0.6968449931412894,508.0,576.0,0.0,
896,1123753,20181117,20200921,20200627,1398.0,349.5,389.0,389.0,4,9,550.0,848.0,FULL PRICE,84.0,1065.0,249.0,336.0,1062.0,20190615,327.0,20200425,336.0,155.33333333333334,0.39341917024320455,0.6065808297567954,0.060085836909871244,0.7618025751072961,0.1781115879828326,0.24034334763948498,0.759656652360515,1071.0,357.0,3,7,550.0,521.0,FULL PRICE,153.0,0.5135387488328664,0.4864612511671335,336.0,0.0,0.0,
897,1123890,20181020,20200921,20200912,1788.0,298.0,402.0,402.0,6,13,640.0,1148.0,SALE,159.0,1629.0,0.0,0.0,1788.0,20181027,355.0,20200912,287.0,137.53846153846155,0.3579418344519016,0.6420581655480985,0.08892617449664429,0.9110738255033557,0.0,0.0,1.0,689.0,344.5,2,6,201.0,488.0,SALE,114.83333333333333,0.29172714078374457,0.7082728592162555,287.0,0.0,287.0,
898,1124027,20181229,20200921,20200509,1813.0,302.1666666666667,434.0,434.0,6,12,87.0,1726.0,SALE,701.0,1112.0,0.0,0.0,1813.0,20190223,434.0,20200425,278.0,151.08333333333334,0.04798676227247656,0.9520132377275234,0.3866519580805295,0.6133480419194705,0.0,0.0,1.0,931.0,310.3333333333333,3,6,87.0,844.0,SALE,155.16666666666666,0.09344790547798067,0.9065520945220193,278.0,0.0,0.0,
899,1124164,20181201,20200921,20200222,650.0,325.0,358.0,358.0,2,3,650.0,0.0,FULL PRICE,650.0,0.0,0.0,0.0,650.0,20190622,292.0,20190706,358.0,216.66666666666666,1.0,0.0,1.0,0.0,0.0,0.0,1.0,0.0,0.0,0,0,0.0,0.0,UNKNOWN,0.0,0.0,0.0,0.0,,0.0,
900,1124301,20190921,20200921,20200516,611.0,305.5,309.0,309.0,2,3,0.0,611.0,SALE,309.0,0.0,302.0,0.0,611.0,20200104,302.0,20200201,309.0,203.66666666666666,0.0,1.0,0.5057283142389526,0.0,0.49427168576104746,0.0,1.0,611.0,305.5,2,3,0.0,611.0,SALE,203.66666666666666,0.0,1.0,0.0,,0.0,
901,1124438,20181208,20200921,20200606,1254.0,313.5,402.0,402.0,4,4,384.0,870.0,SALE,1046.0,0.0,208.0,0.0,1254.0,20190511,260.0,20200425,402.0,313.5,0.3062200956937799,0.69377990430622,0.8341307814992025,0.0,0.16586921850079744,0.0,1.0,610.0,305.0,2,2,0.0,610.0,SALE,305.0,0.0,1.0,402.0,0.0,0.0,
902,1124575,20180929,20200921,20200801,2181.0,363.5,455.0,455.0,6,6,0.0,2181.0,SALE,586.0,887.0,708.0,0.0,2181.0,20181006,455.0,20200801,432.0,363.5,0.0,1.0,0.26868408986703346,0.4066941769830353,0.3246217331499312,0.0,1.0,718.0,359.0,2,2,0.0,718.0,SALE,359.0,0.0,1.0,718.0,5329.0,718.0,
903,1124712,20181110,20200921,20200418,749.0,374.5,379.0,379.0,2,5,68.0,681.0,SALE,0.0,749.0,0.0,0.0,749.0,20181110,379.0,20190831,370.0,149.8,0.09078771695594126,0.9092122830440588,0.0,1.0,0.0,0.0,1.0,0.0,0.0,0,0,0.0,0.0,UNKNOWN,0.0,0.0,0.0,0.0,,0.0,
904,1124849,20180922,20200921,20190629,728.0,364.0,404.0,404.0,2,3,0.0,728.0,SALE,728.0,0.0,0.0,0.0,728.0,20181006,404.0,20181020,324.0,242.66666666666666,0.0,1.0,1.0,0.0,0.0,0.0,1.0,0.0,0.0,0,0,0.0,0.0,UNKNOWN,0.0,0.0,0.0,0.0,,0.0,
905,1124986,20190323,20200921,20200822,678.0,339.0,372.0,372.0,2,5,33.0,645.0,SALE,624.0,21.0,33.0,0.0,678.0,20200215,372.0,20200808,306.0,135.6,0.048672566371681415,0.9513274336283186,0.9203539823008849,0.030973451327433628,0.048672566371681415,0.0,1.0,678.0,339.0,2,5,33.0,645.0,SALE,135.6,0.048672566371681415,0.9513274336283186,306.0,0.0,306.0,
906,1125123,20181020,20200921,20200912,556.0,278.0,343.0,343.0,2,4,5.0,551.0,SALE,551.0,0.0,5.0,213.0,343.0,20181103,343.0,20190831,213.0,139.0,0.008992805755395683,0.9910071942446043,0.9910071942446043,0.0,0.008992805755395683,0.3830935251798561,0.6169064748201439,0.0,0.0,0,0,0.0,0.0,UNKNOWN,0.0,0.0,0.0,0.0,,0.0,
907,1125260,20180922,20200921,20200718,2040.0,340.0,443.0,443.0,6,7,1313.0,727.0,MIXED,1766.0,274.0,0.0,0.0,2040.0,20181006,437.0,20200711,276.0,291.42857142857144,0.6436274509803922,0.35637254901960785,0.865686274509804,0.13431372549019607,0.0,0.0,1.0,566.0,283.0,2,3,276.0,290.0,MIXED,188.66666666666666,0.4876325088339223,0.5123674911660777,566.0,49.0,276.0,
908,1125397,20191109,20200921,20200509,731.0,365.5,368.0,368.0,2,2,368.0,363.0,MIXED,363.0,0.0,368.0,0.0,731.0,20191109,363.0,20200509,368.0,365.5,0.5034199726402189,0.49658002735978113,0.49658002735978113,0.0,0.5034199726402189,0.0,1.0,731.0,365.5,2,2,368.0,363.0,MIXED,365.5,0.5034199726402189,0.49658002735978113,368.0,0.0,0.0,
909,1125534,20181027,20200921,20200718,605.0,302.5,305.0,305.0,2,2,0.0,605.0,SALE,0.0,300.0,305.0,0.0,605.0,20181103,300.0,20190216,305.0,302.5,0.0,1.0,0.0,0.49586776859504134,0.5041322314049587,0.0,1.0,0.0,0.0,0,0,0.0,0.0,UNKNOWN,0.0,0.0,0.0,0.0,,0.0,
910,1125671,20181110,20200921,20200912,2107.0,351.1666666666667,465.0,465.0,6,12,846.0,1261.0,SALE,1714.0,393.0,0.0,0.0,2107.0,20190810,294.0,20200718,407.0,175.58333333333334,0.4015187470336972,0.5984812529663028,0.8134788799240626,0.18652112007593735,0.0,0.0,1.0,1813.0,362.6,5,11,846.0,967.0,SALE,164.8181818181818,0.46662989520132375,0.5333701047986762,633.0,8190.25,407.0,
911,1125808,20181013,20200921,20200523,1337.0,334.25,468.0,468.0,4,7,385.0,952.0,MIXED,59.0,1171.0,107.0,0.0,1337.0,20181229,321.0,20191214,227.0,191.0,0.2879581151832461,0.7120418848167539,0.044128646222887064,0.8758414360508602,0.0800299177262528,0.0,1.0,1016.0,338.6666666666667,3,4,385.0,631.0,MIXED,254.0,0.37893700787401574,0.6210629921259843,0.0,,0.0,
912,1125945,20180929,20200921,20200718,2046.0,341.0,388.0,388.0,6,13,637.0,1409.0,SALE,1780.0,0.0,266.0,0.0,2046.0,20190330,388.0,20200606,339.0,157.3846153846154,0.31133919843597263,0.6886608015640274,0.8699902248289345,0.0,0.1300097751710655,0.0,1.0,1658.0,331.6,5,11,637.0,1021.0,SALE,150.72727272727272,0.3841978287092883,0.6158021712907117,986.0,2181.555555555555,0.0,
913,1126082,20181013,20200921,20200620,819.0,409.5,502.0,502.0,2,2,317.0,502.0,MIXED,819.0,0.0,0.0,0.0,819.0,20190615,317.0,20200516,502.0,409.5,0.38705738705738707,0.612942612942613,1.0,0.0,0.0,0.0,1.0,502.0,502.0,1,1,0.0,502.0,SALE,502.0,0.0,1.0,502.0,0.0,0.0,
914,1126219,20181215,20200921,20200912,1156.0,289.0,310.0,310.0,4,8,552.0,604.0,SALE,298.0,653.0,205.0,0.0,1156.0,20190112,280.0,20200718,305.0,144.5,0.47750865051903113,0.5224913494809689,0.2577854671280277,0.5648788927335641,0.1773356401384083,0.0,1.0,566.0,283.0,2,5,0.0,566.0,SALE,113.2,0.0,1.0,305.0,0.0,305.0,
915,1126356,20180922,20200921,20200919,1390.0,347.5,539.0,539.0,4,7,0.0,1390.0,SALE,796.0,523.0,71.0,0.0,1390.0,20181110,224.0,20200912,257.0,198.57142857142858,0.0,1.0,0.5726618705035971,0.3762589928057554,0.05107913669064748,0.0,1.0,796.0,398.0,2,3,0.0,796.0,SALE,265.3333333333333,0.0,1.0,796.0,19881.0,796.0,
916,1126493,20181222,20200921,20200815,1816.0,454.0,525.0,525.0,4,4,1333.0,483.0,FULL PRICE,1333.0,0.0,483.0,525.0,1291.0,20190302,483.0,20200808,386.0,454.0,0.7340308370044053,0.2659691629955947,0.7340308370044053,0.0,0.2659691629955947,0.28909691629955947,0.7109030837004405,1333.0,444.3333333333333,3,3,1333.0,0.0,FULL PRICE,444.3333333333333,1.0,0.0,808.0,324.0,808.0,
917,1126630,20181020,20200921,20200201,600.0,300.0,340.0,340.0,2,6,132.0,468.0,SALE,437.0,0.0,163.0,0.0,600.0,20181020,340.0,20190810,260.0,100.0,0.22,0.78,0.7283333333333334,0.0,0.27166666666666667,0.0,1.0,0.0,0.0,0,0,0.0,0.0,UNKNOWN,0.0,0.0,0.0,0.0,,0.0,
918,1126767,20180929,20200921,20200808,1777.0,296.1666666666667,394.0,394.0,6,9,616.0,1161.0,SALE,170.0,1591.0,16.0,0.0,1777.0,20190119,223.0,20200718,170.0,197.44444444444446,0.34665166010129433,0.6533483398987057,0.09566685424873382,0.895329206527856,0.009003939223410242,0.0,1.0,1160.0,290.0,4,5,0.0,1160.0,SALE,232.0,0.0,1.0,553.0,11342.25,170.0,
919,1126904,20180922,20200921,20200523,2131.0,355.1666666666667,530.0,530.0,6,7,1498.0,633.0,MIXED,1324.0,807.0,0.0,277.0,1854.0,20181117,246.0,20200328,387.0,304.42857142857144,0.7029563585171281,0.2970436414828719,0.6213045518535899,0.37869544814641015,0.0,0.1299859221022994,0.8700140778977006,1334.0,444.6666666666667,3,3,947.0,387.0,MIXED,444.6666666666667,0.7098950524737632,0.2901049475262369,387.0,0.0,0.0,
920,1127041,20181110,20200921,20200229,841.0,420.5,429.0,429.0,2,2,0.0,841.0,SALE,429.0,412.0,0.0,0.0,841.0,20190112,429.0,20191102,412.0,420.5,0.0,1.0,0.5101070154577884,0.48989298454221164,0.0,0.0,1.0,412.0,412.0,1,1,0.0,412.0,SALE,412.0,0.0,1.0,0.0,,0.0,
921,1127178,20190504,20200921,20200516,1985.0,330.8333333333333,458.0,458.0,6,12,383.0,1602.0,SALE,0.0,1985.0,0.0,0.0,1985.0,20190608,333.0,20200516,367.0,165.41666666666666,0.1929471032745592,0.8070528967254408,0.0,1.0,0.0,0.0,1.0,1194.0,298.5,4,7,72.0,1122.0,SALE,170.57142857142858,0.06030150753768844,0.9396984924623115,367.0,0.0,0.0,
922,1127315,20180922,20200921,20200919,2032.0,338.6666666666667,528.0,528.0,6,10,872.0,1160.0,FULL PRICE,363.0,1452.0,217.0,0.0,2032.0,20181013,256.0,20200905,259.0,203.2,0.42913385826771655,0.5708661417322834,0.17864173228346455,0.7145669291338582,0.10679133858267717,0.0,1.0,787.0,393.5,2,4,745.0,42.0,FULL PRICE,196.75,0.9466327827191868,0.053367217280813214,259.0,0.0,259.0,
923,1127452,20180922,20200921,20200829,2318.0,386.3333333333333,440.0,440.0,6,10,956.0,1362.0,SALE,1935.0,0.0,383.0,0.0,2318.0,20180929,397.0,20190907,440.0,231.8,0.41242450388265744,0.5875754961173425,0.8347713546160483,0.0,0.16522864538395168,0.0,1.0,0.0,0.0,0,0,0.0,0.0,UNKNOWN,0.0,0.0,0.0,0.0,,0.0,
924,1127589,20190511,20200921,20200502,1900.0,316.6666666666667,378.0,378.0,6,8,148.0,1752.0,SALE,342.0,1558.0,0.0,0.0,1900.0,20190615,333.0,20200425,254.0,237.5,0.07789473684210527,0.9221052631578948,0.18,0.82,0.0,0.0,1.0,617.0,308.5,2,2,0.0,617.0,SALE,308.5,0.0,1.0,254.0,0.0,0.0,
925,1127726,20181013,20200921,20191026,625.0,312.5,371.0,371.0,2,5,1.0,624.0,SALE,371.0,249.0,5.0,0.0,625.0,20190615,371.0,20190921,254.0,125.0,0.0016,0.9984,0.5936,0.3984,0.008,0.0,1.0,0.0,0.0,0,0,0.0,0.0,UNKNOWN,0.0,0.0,0.0,0.0,,0.0,
926,1127863,20181110,20200921,20200905,816.0,408.0,478.0,478.0,2,2,0.0,816.0,SALE,338.0,478.0,0.0,0.0,816.0,20181124,338.0,20200905,478.0,408.0,0.0,1.0,0.41421568627450983,0.5857843137254902,0.0,0.0,1.0,478.0,478.0,1,1,0.0,478.0,SALE,478.0,0.0,1.0,478.0,0.0,478.0,
927,1128000,20191005,20200921,20200725,1027.0,256.75,327.0,327.0,4,5,38.0,989.0,MIXED,905.0,0.0,122.0,256.0,771.0,20191012,322.0,20200718,256.0,205.4,0.03700097370983447,0.9629990262901655,0.881207400194742,0.0,0.11879259980525804,0.249269717624148,0.750730282375852,1027.0,256.75,4,5,38.0,989.0,MIXED,205.4,0.03700097370983447,0.9629990262901655,256.0,0.0,256.0,
928,1128137,20180922,20200921,20200905,2190.0,365.0,393.0,393.0,6,10,242.0,1948.0,SALE,311.0,1455.0,424.0,0.0,2190.0,20180922,312.0,20200829,361.0,219.0,0.11050228310502283,0.8894977168949771,0.14200913242009133,0.6643835616438356,0.19360730593607306,0.0,1.0,1114.0,371.3333333333333,3,3,0.0,1114.0,SALE,371.3333333333333,0.0,1.0,1114.0,157.55555555555554,750.0,
929,1128274,20181006,20200921,20200919,2326.0,387.6666666666667,455.0,455.0,6,6,1636.0,690.0,FULL PRICE,1941.0,0.0,385.0,416.0,1910.0,20181201,416.0,20200905,455.0,387.6666666666667,0.70335339638865,0.29664660361135,0.8344797936371453,0.0,0.1655202063628547,0.17884780739466896,0.821152192605331,1172.0,390.6666666666667,3,3,835.0,337.0,FULL PRICE,390.6666666666667,0.712457337883959,0.28754266211604096,455.0,0.0,455.0,
930,1128411,20181020,20200921,20200704,674.0,337.0,376.0,376.0,2,4,10.0,664.0,MIXED,674.0,0.0,0.0,0.0,674.0,20181103,376.0,20200411,298.0,168.5,0.01483679525222552,0.9851632047477745,1.0,0.0,0.0,0.0,1.0,298.0,298.0,1,2,10.0,288.0,MIXED,149.0,0.03355704697986577,0.9664429530201343,298.0,0.0,0.0,
931,1128548,20190223,20200921,20200523,812.0,406.0,487.0,487.0,2,4,0.0,812.0,SALE,77.0,410.0,325.0,0.0,812.0,20190622,325.0,20191228,487.0,203.0,0.0,1.0,0.09482758620689655,0.5049261083743842,0.4002463054187192,0.0,1.0,487.0,487.0,1,3,0.0,487.0,SALE,162.33333333333334,0.0,1.0,0.0,,0.0,
932,1128685,20181020,20200921,20200801,840.0,420.0,456.0,456.0,2,2,456.0,384.0,MIXED,0.0,456.0,384.0,0.0,840.0,20190921,384.0,20200801,456.0,420.0,0.5428571428571428,0.45714285714285713,0.0,0.5428571428571428,0.45714285714285713,0.0,1.0,456.0,456.0,1,1,456.0,0.0,FULL PRICE,456.0,1.0,0.0,456.0,0.0,456.0,
933,1128822,20190330,20200921,20200613,1092.0,273.0,293.0,293.0,4,6,262.0,830.0,SALE,0.0,1092.0,0.0,0.0,1092.0,20190504,262.0,20200530,282.0,182.0,0.23992673992673993,0.76007326007326,0.0,1.0,0.0,0.0,1.0,575.0,287.5,2,4,0.0,575.0,SALE,143.75,0.0,1.0,282.0,0.0,0.0,
934,1128959,20181201,20200921,20200801,1354.0,338.5,489.0,489.0,4,10,34.0,1320.0,SALE,332.0,949.0,73.0,0.0,1354.0,20190316,489.0,20200704,285.0,135.4,0.025110782865583457,0.9748892171344166,0.24519940915805022,0.7008862629246676,0.05391432791728213,0.0,1.0,581.0,290.5,2,5,0.0,581.0,SALE,116.2,0.0,1.0,285.0,0.0,285.0,
935,1129096,20180929,20200921,20200815,1955.0,325.8333333333333,371.0,371.0,6,8,365.0,1590.0,SALE,1955.0,0.0,0.0,355.0,1600.0,20181020,371.0,20200801,204.0,244.375,0.1867007672634271,0.8132992327365729,1.0,0.0,0.0,0.1815856777493606,0.8184143222506394,926.0,308.6666666666667,3,4,0.0,926.0,SALE,231.5,0.0,1.0,204.0,0.0,204.0,
936,1129233,20190330,20200921,20200328,611.0,305.5,344.0,344.0,2,4,124.0,487.0,SALE,611.0,0.0,0.0,0.0,611.0,20190413,344.0,20190525,267.0,152.75,0.20294599018003273,0.7970540098199672,1.0,0.0,0.0,0.0,1.0,0.0,0.0,0,0,0.0,0.0,UNKNOWN,0.0,0.0,0.0,0.0,,0.0,
937,1129370,20191221,20200921,20200829,805.0,402.5,421.0,421.0,2,2,0.0,805.0,SALE,0.0,805.0,0.0,0.0,805.0,20200111,421.0,20200613,384.0,402.5,0.0,1.0,0.0,1.0,0.0,0.0,1.0,805.0,402.5,2,2,0.0,805.0,SALE,402.5,0.0,1.0,384.0,0.0,0.0,
938,1129507,20190316,20200921,20200919,1333.0,333.25,367.0,367.0,4,6,485.0,848.0,SALE,827.0,506.0,0.0,0.0,1333.0,20191116,358.0,20200516,307.0,222.16666666666666,0.36384096024006,0.63615903975994,0.6204051012753188,0.37959489872468116,0.0,0.0,1.0,1333.0,333.25,4,6,485.0,848.0,SALE,222.16666666666666,0.36384096024006,0.63615903975994,674.0,900.0,0.0,
939,1129644,20181110,20200921,20200912,2183.0,363.8333333333333,472.0,472.0,6,11,636.0,1547.0,MIXED,1932.0,251.0,0.0,0.0,2183.0,20190223,373.0,20200711,472.0,198.45454545454547,0.2913421896472744,0.7086578103527256,0.8850206138341732,0.11497938616582684,0.0,0.0,1.0,1186.0,395.3333333333333,3,5,182.0,1004.0,MIXED,237.2,0.15345699831365936,0.8465430016863407,828.0,3364.0,472.0,
940,1129781,20181103,20200921,20200801,1803.0,300.5,433.0,433.0,6,10,42.0,1761.0,MIXED,1768.0,28.0,7.0,0.0,1803.0,20181201,254.0,20200516,168.0,180.3,0.02329450915141431,0.9767054908485857,0.9805879090404881,0.01552967276760954,0.003882418191902385,0.0,1.0,870.0,290.0,3,7,42.0,828.0,MIXED,124.28571428571429,0.04827586206896552,0.9517241379310345,437.0,2550.25,0.0,
941,1129918,20181103,20200921,20200718,770.0,385.0,448.0,448.0,2,4,307.0,463.0,MIXED,344.0,426.0,0.0,0.0,770.0,20190119,448.0,20191221,322.0,192.5,0.3987012987012987,0.6012987012987013,0.44675324675324674,0.5532467532467532,0.0,0.0,1.0,322.0,322.0,1,2,203.0,119.0,MIXED,161.0,0.6304347826086957,0.3695652173913043,0.0,,0.0,
942,1130055,20190323,20200921,20200905,2207.0,367.8333333333333,400.0,400.0,6,8,421.0,1786.0,SALE,1121.0,400.0,686.0,0.0,2207.0,20190420,343.0,20200627,377.0,275.875,0.19075668328047124,0.8092433167195288,0.5079293158133212,0.18124150430448574,0.310829179882193,0.0,1.0,1492.0,373.0,4,5,128.0,1364.0,SALE,298.4,0.08579088471849866,0.9142091152815014,770.0,64.0,377.0,
943,1130192,20181201,20200921,20200815,1098.0,274.5,340.0,340.0,4,5,373.0,725.0,SALE,340.0,540.0,218.0,0.0,1098.0,20190921,340.0,20200530,218.0,219.6,0.33970856102003644,0.6602914389799636,0.30965391621129323,0.4918032786885246,0.19854280510018216,0.0,1.0,758.0,252.66666666666666,3,4,373.0,385.0,MIXED,189.5,0.4920844327176781,0.5079155672823219,518.0,1681.0,0.0,
944,1130329,20180922,20200921,20190914,670.0,335.0,461.0,461.0,2,2,0.0,670.0,SALE,670.0,0.0,0.0,0.0,670.0,20190119,461.0,20190810,209.0,335.0,0.0,1.0,1.0,0.0,0.0,0.0,1.0,0.0,0.0,0,0,0.0,0.0,UNKNOWN,0.0,0.0,0.0,0.0,,0.0,
945,1130466,20181110,20200921,20200725,2039.0,339.8333333333333,468.0,468.0,6,7,994.0,1045.0,MIXED,1394.0,373.0,272.0,0.0,2039.0,20181215,450.0,20200606,468.0,291.2857142857143,0.48749386954389407,0.5125061304561059,0.6836684649337911,0.18293281020107896,0.13339872486512996,0.0,1.0,815.0,407.5,2,3,171.0,644.0,MIXED,271.6666666666667,0.2098159509202454,0.7901840490797546,468.0,0.0,0.0,
946,1130603,20181020,20200921,20200314,1298.0,324.5,375.0,375.0,4,6,124.0,1174.0,SALE,175.0,853.0,270.0,353.0,945.0,20190302,270.0,20190720,375.0,216.33333333333334,0.09553158705701079,0.9044684129429892,0.13482280431432975,0.6571648690292758,0.20801232665639446,0.27195685670261943,0.7280431432973806,0.0,0.0,0,0,0.0,0.0,UNKNOWN,0.0,0.0,0.0,0.0,,0.0,
947,1130740,20180929,20200921,20200919,1831.0,305.1666666666667,427.0,427.0,6,8,191.0,1640.0,SALE,1256.0,258.0,317.0,191.0,1640.0,20181110,191.0,20200912,317.0,228.875,0.10431458219552157,0.8956854178044784,0.6859639541234298,0.14090660841070454,0.17312943746586565,0.10431458219552157,0.8956854178044784,1243.0,310.75,4,5,0.0,1243.0,SALE,248.6,0.0,1.0,744.0,3025.0,744.0,
948,1130877,20181006,20200921,20200829,2113.0,352.1666666666667,454.0,454.0,6,9,957.0,1156.0,MIXED,0.0,2108.0,5.0,0.0,2113.0,20181006,328.0,20200718,303.0,234.77777777777777,0.45291055371509703,0.547089446284903,0.0,0.9976336961665878,0.00236630383341221,0.0,1.0,303.0,303.0,1,1,303.0,0.0,FULL PRICE,303.0,1.0,0.0,303.0,0.0,303.0,
949,1131014,20181020,20200921,20200815,2040.0,340.0,442.0,442.0,6,9,66.0,1974.0,SALE,1589.0,0.0,451.0,0.0,2040.0,20181117,305.0,20200620,246.0,226.66666666666666,0.03235294117647059,0.9676470588235294,0.778921568627451,0.0,0.221078431372549,0.0,1.0,1113.0,371.0,3,5,66.0,1047.0,SALE,222.6,0.05929919137466307,0.9407008086253369,246.0,0.0,0.0,
950,1131151,20191012,20200921,20200801,571.0,285.5,304.0,304.0,2,2,267.0,304.0,MIXED,571.0,0.0,0.0,0.0,571.0,20200502,267.0,20200530,304.0,285.5,0.46760070052539404,0.532399299474606,1.0,0.0,0.0,0.0,1.0,571.0,285.5,2,2,267.0,304.0,MIXED,285.5,0.46760070052539404,0.532399299474606,571.0,342.25,0.0,
951,1131288,20180922,20200921,20200704,4887.0,407.25,588.0,588.0,12,22,3473.0,1414.0,FULL PRICE,876.0,4005.0,6.0,735.0,4152.0,20180922,446.0,20200530,588.0,222.13636363636363,0.7106609371802742,0.2893390628197258,0.17925107427869857,0.8195211786372008,0.0012277470841006752,0.15039901780233272,0.8496009821976673,2195.0,365.8333333333333,6,12,1894.0,301.0,FULL PRICE,182.91666666666666,0.8628701594533029,0.13712984054669705,1530.0,17830.25,0.0,
952,1131425,20180922,20200921,20200725,1367.0,341.75,464.0,464.0,4,5,464.0,903.0,MIXED,402.0,965.0,0.0,0.0,1367.0,20180922,375.0,20200718,464.0,273.4,0.3394294074615947,0.6605705925384052,0.2940746159473299,0.7059253840526701,0.0,0.0,1.0,724.0,362.0,2,3,464.0,260.0,MIXED,241.33333333333334,0.6408839779005525,0.35911602209944754,724.0,10404.0,724.0,
953,1131562,20190105,20200921,20200905,775.0,387.5,443.0,443.0,2,3,188.0,587.0,MIXED,775.0,0.0,0.0,0.0,775.0,20190928,332.0,20200822,443.0,258.3333333333333,0.24258064516129033,0.7574193548387097,1.0,0.0,0.0,0.0,1.0,775.0,387.5,2,3,188.0,587.0,MIXED,258.3333333333333,0.24258064516129033,0.7574193548387097,443.0,0.0,443.0,
954,1131699,20180929,20200921,20200530,1987.0,331.1666666666667,530.0,530.0,6,10,732.0,1255.0,MIXED,1953.0,34.0,0.0,0.0,1987.0,20180929,247.0,20200328,229.0,198.7,0.3683945646703573,0.6316054353296426,0.9828887770508304,0.017111222949169603,0.0,0.0,1.0,759.0,379.5,2,2,530.0,229.0,MIXED,379.5,0.6982872200263505,0.30171277997364954,229.0,0.0,0.0,
955,1131836,20180922,20200921,20200919,2011.0,335.1666666666667,424.0,424.0,6,7,229.0,1782.0,SALE,229.0,1417.0,365.0,0.0,2011.0,20180922,365.0,20200822,312.0,287.2857142857143,0.11387369467926405,0.886126305320736,0.11387369467926405,0.704624564893088,0.18150174042764794,0.0,1.0,1140.0,380.0,3,3,0.0,1140.0,SALE,380.0,0.0,1.0,716.0,2116.0,716.0,
956,1131973,20180922,20200921,20200502,2044.0,340.6666666666667,421.0,421.0,6,8,1271.0,773.0,MIXED,574.0,1470.0,0.0,409.0,1635.0,20180929,296.0,20200215,421.0,255.5,0.6218199608610567,0.37818003913894327,0.2808219178082192,0.7191780821917808,0.0,0.20009784735812133,0.7999021526418787,782.0,391.0,2,3,421.0,361.0,MIXED,260.6666666666667,0.5383631713554987,0.4616368286445013,0.0,,0.0,
957,1132110,20180922,20200921,20200627,2203.0,367.1666666666667,564.0,564.0,6,6,668.0,1535.0,SALE,1891.0,312.0,0.0,0.0,2203.0,20181006,356.0,20200620,455.0,367.1666666666667,0.3032228778937812,0.6967771221062188,0.8583749432591921,0.141625056740808,0.0,0.0,1.0,1227.0,409.0,3,3,0.0,1227.0,SALE,409.0,0.0,1.0,455.0,0.0,0.0,
958,1132247,20190406,20200921,20200912,2011.0,335.1666666666667,403.0,403.0,6,11,471.0,1540.0,SALE,1946.0,65.0,0.0,0.0,2011.0,20190427,287.0,20200912,361.0,182.8181818181818,0.23421183490800596,0.765788165091994,0.9676777722526106,0.03232222774738936,0.0,0.0,1.0,1480.0,370.0,4,7,0.0,1480.0,SALE,211.42857142857142,0.0,1.0,1480.0,977.0,764.0,
959,1132384,20181006,20200921,20200509,1985.0,330.8333333333333,460.0,460.0,6,10,481.0,1504.0,SALE,1611.0,374.0,0.0,214.0,1771.0,20181006,460.0,20200411,300.0,198.5,0.24231738035264483,0.7576826196473552,0.8115869017632242,0.18841309823677582,0.0,0.10780856423173804,0.892191435768262,514.0,257.0,2,5,21.0,493.0,SALE,102.8,0.04085603112840467,0.9591439688715954,300.0,0.0,0.0,
960,1132521,20181006,20200921,20200815,1481.0,370.25,411.0,411.0,4,5,0.0,1481.0,SALE,724.0,346.0,411.0,0.0,1481.0,20181103,346.0,20200815,400.0,296.2,0.0,1.0,0.4888588791357191,0.23362592842673868,0.2775151924375422,0.0,1.0,1135.0,378.3333333333333,3,4,0.0,1135.0,SALE,283.75,0.0,1.0,400.0,0.0,400.0,
961,1132658,20181013,20200921,20200808,5697.0,406.92857142857144,634.0,634.0,14,22,4387.0,1310.0,SALE,510.0,4068.0,1119.0,253.0,5444.0,20181020,499.0,20200801,500.0,258.95454545454544,0.7700544146041777,0.22994558539582236,0.08952080042127436,0.7140600315955766,0.196419167983149,0.04440933824820081,0.9555906617517992,2677.0,382.42857142857144,7,9,1400.0,1277.0,SALE,297.44444444444446,0.5229734777736272,0.4770265222263728,726.0,18769.0,500.0,
962,1132795,20181103,20200921,20200919,1418.0,354.5,411.0,411.0,4,4,242.0,1176.0,MIXED,0.0,1418.0,0.0,0.0,1418.0,20190126,391.0,20200725,242.0,354.5,0.17066290550070523,0.8293370944992948,0.0,1.0,0.0,0.0,1.0,653.0,326.5,2,2,242.0,411.0,MIXED,326.5,0.37059724349157736,0.6294027565084227,242.0,0.0,242.0,
963,1132932,20181013,20200921,20200808,2112.0,352.0,482.0,482.0,6,11,340.0,1772.0,SALE,83.0,1589.0,440.0,0.0,2112.0,20181020,96.0,20200704,395.0,192.0,0.16098484848484848,0.8390151515151515,0.039299242424242424,0.7523674242424242,0.20833333333333334,0.0,1.0,761.0,380.5,2,3,312.0,449.0,SALE,253.66666666666666,0.4099868593955322,0.5900131406044679,395.0,0.0,395.0,
964,1133069,20190511,20200921,20200704,776.0,388.0,411.0,411.0,2,2,0.0,776.0,SALE,0.0,776.0,0.0,0.0,776.0,20191012,411.0,20200606,365.0,388.0,0.0,1.0,0.0,1.0,0.0,0.0,1.0,776.0,388.0,2,2,0.0,776.0,SALE,388.0,0.0,1.0,365.0,0.0,0.0,
965,1133206,20181215,20200921,20200606,1218.0,304.5,368.0,368.0,4,6,563.0,655.0,MIXED,29.0,994.0,195.0,0.0,1218.0,20190413,195.0,20200509,368.0,203.0,0.46223316912972084,0.5377668308702791,0.023809523809523808,0.8160919540229885,0.16009852216748768,0.0,1.0,685.0,342.5,2,3,368.0,317.0,MIXED,228.33333333333334,0.5372262773722628,0.46277372262773725,368.0,0.0,0.0,
966,1133343,20190511,20200921,20200822,1074.0,268.5,324.0,324.0,4,5,214.0,860.0,SALE,206.0,868.0,0.0,0.0,1074.0,20190601,235.0,20200704,301.0,214.8,0.19925512104283055,0.8007448789571695,0.19180633147113593,0.8081936685288641,0.0,0.0,1.0,301.0,301.0,1,1,0.0,301.0,SALE,301.0,0.0,1.0,301.0,0.0,301.0,
967,1133480,20180929,20200921,20200215,1403.0,350.75,480.0,480.0,4,5,616.0,787.0,FULL PRICE,1403.0,0.0,0.0,0.0,1403.0,20181201,397.0,20191102,268.0,280.6,0.4390591589451176,0.5609408410548824,1.0,0.0,0.0,0.0,1.0,268.0,268.0,1,1,268.0,0.0,FULL PRICE,268.0,1.0,0.0,0.0,,0.0,
968,1133617,20181103,20200921,20200404,630.0,315.0,358.0,358.0,2,3,0.0,630.0,SALE,0.0,0.0,630.0,0.0,630.0,20181215,358.0,20191207,272.0,210.0,0.0,1.0,0.0,0.0,1.0,0.0,1.0,272.0,272.0,1,1,0.0,272.0,SALE,272.0,0.0,1.0,0.0,,0.0,
969,1133754,20181117,20200921,20200711,681.0,340.5,376.0,376.0,2,3,0.0,681.0,SALE,681.0,0.0,0.0,0.0,681.0,20181222,376.0,20200530,305.0,227.0,0.0,1.0,1.0,0.0,0.0,0.0,1.0,305.0,305.0,1,2,0.0,305.0,SALE,152.5,0.0,1.0,305.0,0.0,0.0,
970,1133891,20181020,20200921,20200822,1615.0,269.1666666666667,321.0,321.0,6,10,0.0,1615.0,SALE,1422.0,0.0,193.0,0.0,1615.0,20181124,192.0,20200530,284.0,161.5,0.0,1.0,0.8804953560371517,0.0,0.1195046439628483,0.0,1.0,832.0,277.3333333333333,3,5,0.0,832.0,SALE,166.4,0.0,1.0,593.0,156.25,0.0,
971,1134028,20180922,20200921,20200418,5045.0,504.5,731.0,731.0,10,14,3067.0,1978.0,FULL PRICE,4455.0,0.0,590.0,905.0,4140.0,20181124,505.0,20200411,391.0,360.35714285714283,0.6079286422200199,0.3920713577799802,0.8830525272547076,0.0,0.11694747274529237,0.17938553022794845,0.8206144697720515,2616.0,523.2,5,6,1805.0,811.0,FULL PRICE,436.0,0.6899847094801224,0.3100152905198777,391.0,0.0,0.0,
972,1134165,20181201,20200921,20200905,1909.0,318.1666666666667,414.0,414.0,6,11,688.0,1221.0,MIXED,1835.0,74.0,0.0,0.0,1909.0,20181222,213.0,20200613,414.0,173.54545454545453,0.3603981141959141,0.639601885804086,0.9612362493452069,0.03876375065479309,0.0,0.0,1.0,644.0,322.0,2,2,414.0,230.0,MIXED,322.0,0.6428571428571429,0.35714285714285715,414.0,0.0,0.0,
973,1134302,20181027,20200921,20200919,3991.0,399.1,532.0,532.0,10,15,2885.0,1106.0,MIXED,1007.0,2573.0,411.0,0.0,3991.0,20181208,392.0,20200912,465.0,266.06666666666666,0.7228764720621398,0.27712352793786016,0.25231771485843146,0.6447005762966675,0.10298170884490103,0.0,1.0,2598.0,433.0,6,10,1722.0,876.0,MIXED,259.8,0.6628175519630485,0.3371824480369515,2291.0,2188.56,1354.0,
974,1134439,20180929,20200921,20200620,1508.0,377.0,437.0,437.0,4,6,0.0,1508.0,SALE,943.0,565.0,0.0,0.0,1508.0,20180929,320.0,20200620,420.0,251.33333333333334,0.0,1.0,0.6253315649867374,0.3746684350132626,0.0,0.0,1.0,420.0,420.0,1,1,0.0,420.0,SALE,420.0,0.0,1.0,420.0,0.0,0.0,
975,1134576,20190518,20200921,20200418,698.0,349.0,354.0,354.0,2,2,344.0,354.0,MIXED,698.0,0.0,0.0,0.0,698.0,20190720,344.0,20191116,354.0,349.0,0.49283667621776506,0.5071633237822349,1.0,0.0,0.0,0.0,1.0,354.0,354.0,1,1,0.0,354.0,SALE,354.0,0.0,1.0,0.0,,0.0,
976,1134713,20181020,20200921,20200919,5396.0,449.6666666666667,623.0,623.0,12,17,4794.0,602.0,FULL PRICE,4499.0,897.0,0.0,0.0,5396.0,20181201,579.0,20200808,428.0,317.4117647058824,0.8884358784284655,0.11156412157153447,0.833765752409192,0.16623424759080802,0.0,0.0,1.0,2802.0,400.2857142857143,7,10,2200.0,602.0,FULL PRICE,280.2,0.7851534618129907,0.21484653818700927,1468.0,6108.5,428.0,
977,1134850,20181013,20200921,20200307,2002.0,333.6666666666667,395.0,395.0,6,10,581.0,1421.0,SALE,1319.0,683.0,0.0,0.0,2002.0,20181027,240.0,20200201,359.0,200.2,0.2902097902097902,0.7097902097902098,0.6588411588411588,0.34115884115884115,0.0,0.0,1.0,647.0,323.5,2,3,0.0,647.0,SALE,215.66666666666666,0.0,1.0,0.0,,0.0,
978,1134987,20181013,20200921,20200530,770.0,385.0,388.0,388.0,2,2,388.0,382.0,MIXED,770.0,0.0,0.0,0.0,770.0,20200215,382.0,20200418,388.0,385.0,0.5038961038961038,0.4961038961038961,1.0,0.0,0.0,0.0,1.0,770.0,385.0,2,2,388.0,382.0,MIXED,385.0,0.5038961038961038,0.4961038961038961,388.0,0.0,0.0,
979,1135124,20191207,20200921,20200620,733.0,366.5,407.0,407.0,2,4,315.0,418.0,FULL PRICE,92.0,641.0,0.0,0.0,733.0,20200523,326.0,20200530,407.0,183.25,0.4297407912687585,0.5702592087312415,0.12551159618008187,0.8744884038199181,0.0,0.0,1.0,733.0,366.5,2,4,315.0,418.0,FULL PRICE,183.25,0.4297407912687585,0.5702592087312415,733.0,1640.25,0.0,
980,1135261,20190629,20200921,20200808,2017.0,504.25,551.0,551.0,4,8,1913.0,104.0,FULL PRICE,53.0,1150.0,814.0,0.0,2017.0,20190907,446.0,20200801,551.0,252.125,0.9484382746653446,0.05156172533465543,0.026276648487853247,0.570153693604363,0.4035696579077838,0.0,1.0,1571.0,523.6666666666666,3,5,1518.0,53.0,FULL PRICE,314.2,0.9662635264162953,0.03373647358370465,1571.0,973.5555555555555,551.0,
981,1135398,20190406,20200921,20200919,1810.0,301.6666666666667,492.0,492.0,6,9,154.0,1656.0,SALE,324.0,1107.0,379.0,816.0,994.0,20190511,158.0,20200815,251.0,201.11111111111111,0.08508287292817679,0.9149171270718232,0.17900552486187846,0.6116022099447513,0.20939226519337018,0.450828729281768,0.549171270718232,1652.0,330.4,5,7,154.0,1498.0,SALE,236.0,0.09322033898305085,0.9067796610169492,836.0,5370.888888888889,251.0,
982,1135535,20181006,20200921,20200822,2073.0,345.5,436.0,436.0,6,11,1405.0,668.0,SALE,2011.0,0.0,62.0,0.0,2073.0,20181027,296.0,20200620,332.0,188.45454545454547,0.6777616980221901,0.32223830197780995,0.97009165460685,0.0,0.029908345393150026,0.0,1.0,1010.0,336.6666666666667,3,6,764.0,246.0,SALE,168.33333333333334,0.7564356435643564,0.24356435643564356,332.0,0.0,0.0,
983,1135672,20181215,20200921,20200725,577.0,288.5,328.0,328.0,2,2,0.0,577.0,SALE,0.0,328.0,249.0,0.0,577.0,20190223,328.0,20190824,249.0,288.5,0.0,1.0,0.0,0.5684575389948007,0.43154246100519933,0.0,1.0,0.0,0.0,0,0,0.0,0.0,UNKNOWN,0.0,0.0,0.0,0.0,,0.0,
984,1135809,20181006,20200921,20200829,1276.0,319.0,340.0,340.0,4,6,603.0,673.0,SALE,452.0,824.0,0.0,0.0,1276.0,20190511,326.0,20200718,340.0,212.66666666666666,0.4725705329153605,0.5274294670846394,0.3542319749216301,0.64576802507837,0.0,0.0,1.0,950.0,316.6666666666667,3,5,277.0,673.0,SALE,190.0,0.29157894736842105,0.708421052631579,340.0,0.0,340.0,
985,1135946,20181201,20200921,20200208,577.0,288.5,355.0,355.0,2,3,0.0,577.0,SALE,426.0,0.0,151.0,0.0,577.0,20190427,355.0,20190511,222.0,192.33333333333334,0.0,1.0,0.7383015597920277,0.0,0.2616984402079723,0.0,1.0,0.0,0.0,0,0,0.0,0.0,UNKNOWN,0.0,0.0,0.0,0.0,,0.0,
986,1136083,20190105,20200921,20200530,519.0,259.5,386.0,386.0,2,3,0.0,519.0,SALE,133.0,386.0,0.0,0.0,519.0,20191116,133.0,20200229,386.0,173.0,0.0,1.0,0.25626204238921,0.74373795761079,0.0,0.0,1.0,519.0,259.5,2,3,0.0,519.0,SALE,173.0,0.0,1.0,0.0,,0.0,
987,1136220,20181006,20200921,20190810,796.0,398.0,588.0,588.0,2,5,172.0,624.0,SALE,171.0,625.0,0.0,0.0,796.0,20190427,208.0,20190810,588.0,159.2,0.21608040201005024,0.7839195979899497,0.21482412060301506,0.785175879396985,0.0,0.0,1.0,0.0,0.0,0,0,0.0,0.0,UNKNOWN,0.0,0.0,0.0,0.0,,0.0,
988,1136357,20181201,20200921,20200905,1908.0,318.0,456.0,456.0,6,8,170.0,1738.0,SALE,1251.0,251.0,406.0,154.0,1754.0,20181208,154.0,20200613,240.0,238.5,0.08909853249475891,0.910901467505241,0.6556603773584906,0.13155136268343814,0.21278825995807127,0.08071278825995808,0.9192872117400419,947.0,315.6666666666667,3,3,0.0,947.0,SALE,315.6666666666667,0.0,1.0,240.0,0.0,0.0,
989,1136494,20180922,20200921,20200808,665.0,332.5,368.0,368.0,2,4,0.0,665.0,SALE,328.0,337.0,0.0,0.0,665.0,20181117,368.0,20200201,297.0,166.25,0.0,1.0,0.4932330827067669,0.5067669172932331,0.0,0.0,1.0,297.0,297.0,1,1,0.0,297.0,SALE,297.0,0.0,1.0,0.0,,0.0,
990,1136631,20181201,20200921,20200530,1792.0,298.6666666666667,345.0,345.0,6,12,310.0,1482.0,SALE,86.0,1395.0,311.0,498.0,1294.0,20190112,345.0,20200215,306.0,149.33333333333334,0.17299107142857142,0.8270089285714286,0.04799107142857143,0.7784598214285714,0.17354910714285715,0.2779017857142857,0.7220982142857143,506.0,253.0,2,2,0.0,506.0,SALE,253.0,0.0,1.0,0.0,,0.0,
991,1136768,20190309,20200921,20200523,504.0,252.0,261.0,261.0,2,4,175.0,329.0,SALE,256.0,0.0,248.0,0.0,504.0,20200118,261.0,20200404,243.0,126.0,0.3472222222222222,0.6527777777777778,0.5079365079365079,0.0,0.49206349206349204,0.0,1.0,504.0,252.0,2,4,175.0,329.0,SALE,126.0,0.3472222222222222,0.6527777777777778,243.0,0.0,0.0,
992,1136905,20181013,20200921,20200314,1871.0,467.75,690.0,690.0,4,5,1451.0,420.0,MIXED,1871.0,0.0,0.0,0.0,1871.0,20181110,378.0,20200208,420.0,374.2,0.7755211117049706,0.2244788882950294,1.0,0.0,0.0,0.0,1.0,1493.0,497.6666666666667,3,4,1073.0,420.0,MIXED,373.25,0.7186872069658405,0.2813127930341594,0.0,,0.0,
993,1137042,20181110,20200921,20200229,1015.0,253.75,356.0,356.0,4,7,715.0,300.0,MIXED,809.0,206.0,0.0,0.0,1015.0,20190720,356.0,20191109,215.0,145.0,0.7044334975369458,0.2955665024630542,0.7970443349753694,0.20295566502463055,0.0,0.0,1.0,499.0,249.5,2,3,490.0,9.0,MIXED,166.33333333333334,0.9819639278557114,0.018036072144288578,0.0,,0.0,
994,1137179,20190713,20200921,20200808,721.0,360.5,392.0,392.0,2,5,0.0,721.0,SALE,284.0,0.0,437.0,0.0,721.0,20191005,392.0,20200711,329.0,144.2,0.0,1.0,0.39389736477115117,0.0,0.6061026352288488,0.0,1.0,721.0,360.5,2,5,0.0,721.0,SALE,144.2,0.0,1.0,329.0,0.0,329.0,
995,1137316,20181020,20200921,20200919,1809.0,301.5,404.0,404.0,6,10,141.0,1668.0,SALE,867.0,942.0,0.0,0.0,1809.0,20181020,264.0,20200829,229.0,180.9,0.0779436152570481,0.9220563847429519,0.4792703150912106,0.5207296849087893,0.0,0.0,1.0,771.0,257.0,3,5,0.0,771.0,SALE,154.2,0.0,1.0,771.0,3208.6666666666665,229.0,
996,1137453,20181027,20200921,20200919,325.0,162.5,167.0,167.0,2,2,0.0,325.0,SALE,0.0,325.0,0.0,0.0,325.0,20181201,158.0,20200502,167.0,162.5,0.0,1.0,0.0,1.0,0.0,0.0,1.0,167.0,167.0,1,1,0.0,167.0,SALE,167.0,0.0,1.0,167.0,0.0,0.0,
997,1137590,20190126,20200921,20200919,1206.0,301.5,380.0,380.0,4,4,0.0,1206.0,SALE,1206.0,0.0,0.0,0.0,1206.0,20190126,278.0,20200704,180.0,301.5,0.0,1.0,1.0,0.0,0.0,0.0,1.0,548.0,274.0,2,2,0.0,548.0,SALE,274.0,0.0,1.0,548.0,8836.0,180.0,
998,1137727,20181208,20200921,20200321,1433.0,358.25,413.0,413.0,4,4,649.0,784.0,MIXED,676.0,386.0,371.0,0.0,1433.0,20190202,386.0,20200222,413.0,358.25,0.4528960223307746,0.5471039776692254,0.47173761339846476,0.2693649685973482,0.25889741800418703,0.0,1.0,413.0,413.0,1,1,0.0,413.0,SALE,413.0,0.0,1.0,0.0,,0.0,
999,1137864,20190330,20200921,20191228,839.0,419.5,420.0,420.0,2,6,599.0,240.0,SALE,839.0,0.0,0.0,0.0,839.0,20190525,419.0,20191116,420.0,139.83333333333334,0.7139451728247914,0.2860548271752086,1.0,0.0,0.0,0.0,1.0,420.0,420.0,1,3,180.0,240.0,SALE,140.0,0.42857142857142855,0.5714285714285714,0.0,,0.0,
